9.150000000000000000e+02
9.250000000000000000e+02
9.350000000000000000e+02
9.450000000000000000e+02
9.550000000000000000e+02
9.650000000000000000e+02
9.750000000000000000e+02
9.850000000000000000e+02
9.950000000000000000e+02
1.005000000000000000e+03
1.015000000000000000e+03
1.025000000000000000e+03
1.035000000000000000e+03
1.045000000000000000e+03
1.055000000000000000e+03
1.065000000000000000e+03
1.075000000000000000e+03
1.085000000000000000e+03
1.095000000000000000e+03
1.105000000000000000e+03
1.115000000000000000e+03
1.125000000000000000e+03
1.135000000000000000e+03
1.145000000000000000e+03
1.155000000000000000e+03
1.165000000000000000e+03
1.175000000000000000e+03
1.185000000000000000e+03
1.195000000000000000e+03
1.205000000000000000e+03
1.215000000000000000e+03
1.225000000000000000e+03
1.235000000000000000e+03
1.245000000000000000e+03
1.255000000000000000e+03
1.265000000000000000e+03
1.275000000000000000e+03
1.285000000000000000e+03
1.295000000000000000e+03
1.305000000000000000e+03
1.315000000000000000e+03
1.325000000000000000e+03
1.335000000000000000e+03
1.345000000000000000e+03
1.355000000000000000e+03
1.365000000000000000e+03
1.375000000000000000e+03
1.385000000000000000e+03
1.395000000000000000e+03
1.405000000000000000e+03
1.415000000000000000e+03
1.425000000000000000e+03
1.435000000000000000e+03
1.442000000000000000e+03
1.447000000000000000e+03
1.455000000000000000e+03
1.465000000000000000e+03
1.475000000000000000e+03
1.485000000000000000e+03
1.495000000000000000e+03
1.505000000000000000e+03
1.512000000000000000e+03
1.517000000000000000e+03
1.525000000000000000e+03
1.535000000000000000e+03
1.545000000000000000e+03
1.555000000000000000e+03
1.565000000000000000e+03
1.575000000000000000e+03
1.585000000000000000e+03
1.595000000000000000e+03
1.605000000000000000e+03
1.615000000000000000e+03
1.625000000000000000e+03
1.635000000000000000e+03
1.645000000000000000e+03
1.655000000000000000e+03
1.665000000000000000e+03
1.672000000000000000e+03
1.677000000000000000e+03
1.685000000000000000e+03
1.695000000000000000e+03
1.705000000000000000e+03
1.715000000000000000e+03
1.725000000000000000e+03
1.735000000000000000e+03
1.745000000000000000e+03
1.755000000000000000e+03
1.765000000000000000e+03
1.775000000000000000e+03
1.785000000000000000e+03
1.795000000000000000e+03
1.805000000000000000e+03
1.815000000000000000e+03
1.825000000000000000e+03
1.835000000000000000e+03
1.845000000000000000e+03
1.855000000000000000e+03
1.865000000000000000e+03
1.875000000000000000e+03
1.885000000000000000e+03
1.895000000000000000e+03
1.905000000000000000e+03
1.915000000000000000e+03
1.925000000000000000e+03
1.935000000000000000e+03
1.945000000000000000e+03
1.955000000000000000e+03
1.967000000000000000e+03
1.976000000000000000e+03
1.984000000000000000e+03
1.995000000000000000e+03
2.005000000000000000e+03
2.015000000000000000e+03
2.025000000000000000e+03
2.035000000000000000e+03
2.045000000000000000e+03
2.055000000000000000e+03
2.065000000000000000e+03
2.074000000000000000e+03
2.078000000000000000e+03
2.085000000000000000e+03
2.095000000000000000e+03
2.105000000000000000e+03
2.115000000000000000e+03
2.125000000000000000e+03
2.135000000000000000e+03
2.145000000000000000e+03
2.155000000000000000e+03
2.165000000000000000e+03
2.175000000000000000e+03
2.185000000000000000e+03
2.195000000000000000e+03
2.205000000000000000e+03
2.215000000000000000e+03
2.225000000000000000e+03
2.235000000000000000e+03
2.245000000000000000e+03
2.255000000000000000e+03
2.265000000000000000e+03
2.275000000000000000e+03
2.285000000000000000e+03
2.295000000000000000e+03
2.305000000000000000e+03
2.315000000000000000e+03
2.325000000000000000e+03
2.335000000000000000e+03
2.345000000000000000e+03
2.355000000000000000e+03
2.365000000000000000e+03
2.375000000000000000e+03
2.385000000000000000e+03
2.395000000000000000e+03
2.405000000000000000e+03
2.415000000000000000e+03
2.425000000000000000e+03
2.435000000000000000e+03
2.445000000000000000e+03
2.455000000000000000e+03
2.465000000000000000e+03
2.475000000000000000e+03
2.485000000000000000e+03
2.495000000000000000e+03
2.505000000000000000e+03
2.513000000000000000e+03
2.518000000000000000e+03
2.525000000000000000e+03
2.535000000000000000e+03
2.545000000000000000e+03
2.555000000000000000e+03
2.565000000000000000e+03
2.575000000000000000e+03
2.585000000000000000e+03
2.595000000000000000e+03
2.605000000000000000e+03
2.615000000000000000e+03
2.625000000000000000e+03
2.635000000000000000e+03
2.645000000000000000e+03
2.655000000000000000e+03
2.665000000000000000e+03
2.675000000000000000e+03
2.685000000000000000e+03
2.695000000000000000e+03
2.705000000000000000e+03
2.715000000000000000e+03
2.725000000000000000e+03
2.735000000000000000e+03
2.745000000000000000e+03
2.755000000000000000e+03
2.765000000000000000e+03
2.775000000000000000e+03
2.785000000000000000e+03
2.795000000000000000e+03
2.805000000000000000e+03
2.815000000000000000e+03
2.825000000000000000e+03
2.835000000000000000e+03
2.845000000000000000e+03
2.855000000000000000e+03
2.865000000000000000e+03
2.875000000000000000e+03
2.885000000000000000e+03
2.895000000000000000e+03
2.910000000000000000e+03
2.930000000000000000e+03
2.950000000000000000e+03
2.970000000000000000e+03
2.990000000000000000e+03
3.010000000000000000e+03
3.030000000000000000e+03
3.050000000000000000e+03
3.070000000000000000e+03
3.090000000000000000e+03
3.110000000000000000e+03
3.130000000000000000e+03
3.150000000000000000e+03
3.170000000000000000e+03
3.190000000000000000e+03
3.210000000000000000e+03
3.230000000000000000e+03
3.250000000000000000e+03
3.270000000000000000e+03
3.290000000000000000e+03
3.310000000000000000e+03
3.330000000000000000e+03
3.350000000000000000e+03
3.370000000000000000e+03
3.390000000000000000e+03
3.410000000000000000e+03
3.430000000000000000e+03
3.450000000000000000e+03
3.470000000000000000e+03
3.490000000000000000e+03
3.510000000000000000e+03
3.530000000000000000e+03
3.550000000000000000e+03
3.570000000000000000e+03
3.590000000000000000e+03
3.610000000000000000e+03
3.630000000000000000e+03
3.640000000000000000e+03
3.650000000000000000e+03
3.670000000000000000e+03
3.690000000000000000e+03
3.710000000000000000e+03
3.730000000000000000e+03
3.750000000000000000e+03
3.770000000000000000e+03
3.790000000000000000e+03
3.810000000000000000e+03
3.830000000000000000e+03
3.850000000000000000e+03
3.870000000000000000e+03
3.890000000000000000e+03
3.910000000000000000e+03
3.930000000000000000e+03
3.950000000000000000e+03
3.970000000000000000e+03
3.990000000000000000e+03
4.010000000000000000e+03
4.030000000000000000e+03
4.050000000000000000e+03
4.070000000000000000e+03
4.090000000000000000e+03
4.110000000000000000e+03
4.130000000000000000e+03
4.150000000000000000e+03
4.170000000000000000e+03
4.190000000000000000e+03
4.210000000000000000e+03
4.230000000000000000e+03
4.250000000000000000e+03
4.270000000000000000e+03
4.290000000000000000e+03
4.310000000000000000e+03
4.330000000000000000e+03
4.350000000000000000e+03
4.370000000000000000e+03
4.390000000000000000e+03
4.410000000000000000e+03
4.430000000000000000e+03
4.450000000000000000e+03
4.470000000000000000e+03
4.490000000000000000e+03
4.510000000000000000e+03
4.530000000000000000e+03
4.550000000000000000e+03
4.570000000000000000e+03
4.590000000000000000e+03
4.610000000000000000e+03
4.630000000000000000e+03
4.650000000000000000e+03
4.670000000000000000e+03
4.690000000000000000e+03
4.710000000000000000e+03
4.730000000000000000e+03
4.750000000000000000e+03
4.770000000000000000e+03
4.790000000000000000e+03
4.810000000000000000e+03
4.830000000000000000e+03
4.850000000000000000e+03
4.870000000000000000e+03
4.890000000000000000e+03
4.910000000000000000e+03
4.930000000000000000e+03
4.950000000000000000e+03
4.970000000000000000e+03
4.990000000000000000e+03
5.010000000000000000e+03
5.030000000000000000e+03
5.050000000000000000e+03
5.070000000000000000e+03
5.090000000000000000e+03
5.110000000000000000e+03
5.130000000000000000e+03
5.150000000000000000e+03
5.170000000000000000e+03
5.190000000000000000e+03
5.210000000000000000e+03
5.230000000000000000e+03
5.250000000000000000e+03
5.270000000000000000e+03
5.290000000000000000e+03
5.310000000000000000e+03
5.330000000000000000e+03
5.350000000000000000e+03
5.370000000000000000e+03
5.390000000000000000e+03
5.410000000000000000e+03
5.430000000000000000e+03
5.450000000000000000e+03
5.470000000000000000e+03
5.490000000000000000e+03
5.510000000000000000e+03
5.530000000000000000e+03
5.550000000000000000e+03
5.570000000000000000e+03
5.590000000000000000e+03
5.610000000000000000e+03
5.630000000000000000e+03
5.650000000000000000e+03
5.670000000000000000e+03
5.690000000000000000e+03
5.710000000000000000e+03
5.730000000000000000e+03
5.750000000000000000e+03
5.770000000000000000e+03
5.790000000000000000e+03
5.810000000000000000e+03
5.830000000000000000e+03
5.850000000000000000e+03
5.870000000000000000e+03
5.890000000000000000e+03
5.910000000000000000e+03
5.930000000000000000e+03
5.950000000000000000e+03
5.970000000000000000e+03
5.990000000000000000e+03
6.010000000000000000e+03
6.030000000000000000e+03
6.050000000000000000e+03
6.070000000000000000e+03
6.090000000000000000e+03
6.110000000000000000e+03
6.130000000000000000e+03
6.150000000000000000e+03
6.170000000000000000e+03
6.190000000000000000e+03
6.210000000000000000e+03
6.230000000000000000e+03
6.250000000000000000e+03
6.270000000000000000e+03
6.290000000000000000e+03
6.310000000000000000e+03
6.330000000000000000e+03
6.350000000000000000e+03
6.370000000000000000e+03
6.390000000000000000e+03
6.410000000000000000e+03
6.430000000000000000e+03
6.450000000000000000e+03
6.470000000000000000e+03
6.490000000000000000e+03
6.510000000000000000e+03
6.530000000000000000e+03
6.550000000000000000e+03
6.570000000000000000e+03
6.590000000000000000e+03
6.610000000000000000e+03
6.630000000000000000e+03
6.650000000000000000e+03
6.670000000000000000e+03
6.690000000000000000e+03
6.710000000000000000e+03
6.730000000000000000e+03
6.750000000000000000e+03
6.770000000000000000e+03
6.790000000000000000e+03
6.810000000000000000e+03
6.830000000000000000e+03
6.850000000000000000e+03
6.870000000000000000e+03
6.890000000000000000e+03
6.910000000000000000e+03
6.930000000000000000e+03
6.950000000000000000e+03
6.970000000000000000e+03
6.990000000000000000e+03
7.010000000000000000e+03
7.030000000000000000e+03
7.050000000000000000e+03
7.070000000000000000e+03
7.090000000000000000e+03
7.110000000000000000e+03
7.130000000000000000e+03
7.150000000000000000e+03
7.170000000000000000e+03
7.190000000000000000e+03
7.210000000000000000e+03
7.230000000000000000e+03
7.250000000000000000e+03
7.270000000000000000e+03
7.290000000000000000e+03
7.310000000000000000e+03
7.330000000000000000e+03
7.350000000000000000e+03
7.370000000000000000e+03
7.390000000000000000e+03
7.410000000000000000e+03
7.430000000000000000e+03
7.450000000000000000e+03
7.470000000000000000e+03
7.490000000000000000e+03
7.510000000000000000e+03
7.530000000000000000e+03
7.550000000000000000e+03
7.570000000000000000e+03
7.590000000000000000e+03
7.610000000000000000e+03
7.630000000000000000e+03
7.650000000000000000e+03
7.670000000000000000e+03
7.690000000000000000e+03
7.710000000000000000e+03
7.730000000000000000e+03
7.750000000000000000e+03
7.770000000000000000e+03
7.790000000000000000e+03
7.810000000000000000e+03
7.830000000000000000e+03
7.850000000000000000e+03
7.870000000000000000e+03
7.890000000000000000e+03
7.910000000000000000e+03
7.930000000000000000e+03
7.950000000000000000e+03
7.970000000000000000e+03
7.990000000000000000e+03
8.010000000000000000e+03
8.030000000000000000e+03
8.050000000000000000e+03
8.070000000000000000e+03
8.090000000000000000e+03
8.110000000000000000e+03
8.130000000000000000e+03
8.150000000000000000e+03
8.170000000000000000e+03
8.190000000000000000e+03
8.210000000000000000e+03
8.230000000000000000e+03
8.250000000000000000e+03
8.270000000000000000e+03
8.290000000000000000e+03
8.310000000000000000e+03
8.330000000000000000e+03
8.350000000000000000e+03
8.370000000000000000e+03
8.390000000000000000e+03
8.410000000000000000e+03
8.430000000000000000e+03
8.450000000000000000e+03
8.470000000000000000e+03
8.490000000000000000e+03
8.510000000000000000e+03
8.530000000000000000e+03
8.550000000000000000e+03
8.570000000000000000e+03
8.590000000000000000e+03
8.610000000000000000e+03
8.630000000000000000e+03
8.650000000000000000e+03
8.670000000000000000e+03
8.690000000000000000e+03
8.710000000000000000e+03
8.730000000000000000e+03
8.750000000000000000e+03
8.770000000000000000e+03
8.790000000000000000e+03
8.810000000000000000e+03
8.830000000000000000e+03
8.850000000000000000e+03
8.870000000000000000e+03
8.890000000000000000e+03
8.910000000000000000e+03
8.930000000000000000e+03
8.950000000000000000e+03
8.970000000000000000e+03
8.990000000000000000e+03
9.010000000000000000e+03
9.030000000000000000e+03
9.050000000000000000e+03
9.070000000000000000e+03
9.090000000000000000e+03
9.110000000000000000e+03
9.130000000000000000e+03
9.150000000000000000e+03
9.170000000000000000e+03
9.190000000000000000e+03
9.210000000000000000e+03
9.230000000000000000e+03
9.250000000000000000e+03
9.270000000000000000e+03
9.290000000000000000e+03
9.310000000000000000e+03
9.330000000000000000e+03
9.350000000000000000e+03
9.370000000000000000e+03
9.390000000000000000e+03
9.410000000000000000e+03
9.430000000000000000e+03
9.450000000000000000e+03
9.470000000000000000e+03
9.490000000000000000e+03
9.510000000000000000e+03
9.530000000000000000e+03
9.550000000000000000e+03
9.570000000000000000e+03
9.590000000000000000e+03
9.610000000000000000e+03
9.630000000000000000e+03
9.650000000000000000e+03
9.670000000000000000e+03
9.690000000000000000e+03
9.710000000000000000e+03
9.730000000000000000e+03
9.750000000000000000e+03
9.770000000000000000e+03
9.790000000000000000e+03
9.810000000000000000e+03
9.830000000000000000e+03
9.850000000000000000e+03
9.870000000000000000e+03
9.890000000000000000e+03
9.910000000000000000e+03
9.930000000000000000e+03
9.950000000000000000e+03
9.970000000000000000e+03
9.990000000000000000e+03
1.002500000000000000e+04
1.007500000000000000e+04
1.012500000000000000e+04
1.017500000000000000e+04
1.022500000000000000e+04
1.027500000000000000e+04
1.032500000000000000e+04
1.037500000000000000e+04
1.042500000000000000e+04
1.047500000000000000e+04
1.052500000000000000e+04
1.057500000000000000e+04
1.062500000000000000e+04
1.067500000000000000e+04
1.072500000000000000e+04
1.077500000000000000e+04
1.082500000000000000e+04
1.087500000000000000e+04
1.092500000000000000e+04
1.097500000000000000e+04
1.102500000000000000e+04
1.107500000000000000e+04
1.112500000000000000e+04
1.117500000000000000e+04
1.122500000000000000e+04
1.127500000000000000e+04
1.132500000000000000e+04
1.137500000000000000e+04
1.142500000000000000e+04
1.147500000000000000e+04
1.152500000000000000e+04
1.157500000000000000e+04
1.162500000000000000e+04
1.167500000000000000e+04
1.172500000000000000e+04
1.177500000000000000e+04
1.182500000000000000e+04
1.187500000000000000e+04
1.192500000000000000e+04
1.197500000000000000e+04
1.202500000000000000e+04
1.207500000000000000e+04
1.212500000000000000e+04
1.217500000000000000e+04
1.222500000000000000e+04
1.227500000000000000e+04
1.232500000000000000e+04
1.237500000000000000e+04
1.242500000000000000e+04
1.247500000000000000e+04
1.252500000000000000e+04
1.257500000000000000e+04
1.262500000000000000e+04
1.267500000000000000e+04
1.272500000000000000e+04
1.277500000000000000e+04
1.282500000000000000e+04
1.287500000000000000e+04
1.292500000000000000e+04
1.297500000000000000e+04
1.302500000000000000e+04
1.307500000000000000e+04
1.312500000000000000e+04
1.317500000000000000e+04
1.322500000000000000e+04
1.327500000000000000e+04
1.332500000000000000e+04
1.337500000000000000e+04
1.342500000000000000e+04
1.347500000000000000e+04
1.352500000000000000e+04
1.357500000000000000e+04
1.362500000000000000e+04
1.367500000000000000e+04
1.372500000000000000e+04
1.377500000000000000e+04
1.382500000000000000e+04
1.387500000000000000e+04
1.392500000000000000e+04
1.397500000000000000e+04
1.402500000000000000e+04
1.407500000000000000e+04
1.412500000000000000e+04
1.417500000000000000e+04
1.422500000000000000e+04
1.427500000000000000e+04
1.432500000000000000e+04
1.437500000000000000e+04
1.442500000000000000e+04
1.447500000000000000e+04
1.452500000000000000e+04
1.457000000000000000e+04
1.462000000000000000e+04
1.467500000000000000e+04
1.472500000000000000e+04
1.477500000000000000e+04
1.482500000000000000e+04
1.487500000000000000e+04
1.492500000000000000e+04
1.497500000000000000e+04
1.502500000000000000e+04
1.507500000000000000e+04
1.512500000000000000e+04
1.517500000000000000e+04
1.522500000000000000e+04
1.527500000000000000e+04
1.532500000000000000e+04
1.537500000000000000e+04
1.542500000000000000e+04
1.547500000000000000e+04
1.552500000000000000e+04
1.557500000000000000e+04
1.562500000000000000e+04
1.567500000000000000e+04
1.572500000000000000e+04
1.577500000000000000e+04
1.582500000000000000e+04
1.587500000000000000e+04
1.592500000000000000e+04
1.597500000000000000e+04
1.605000000000000000e+04
1.615000000000000000e+04
1.625000000000000000e+04
1.635000000000000000e+04
1.645000000000000000e+04
1.655000000000000000e+04
1.665000000000000000e+04
1.675000000000000000e+04
1.685000000000000000e+04
1.695000000000000000e+04
1.705000000000000000e+04
1.715000000000000000e+04
1.725000000000000000e+04
1.735000000000000000e+04
1.745000000000000000e+04
1.755000000000000000e+04
1.765000000000000000e+04
1.775000000000000000e+04
1.785000000000000000e+04
1.795000000000000000e+04
1.805000000000000000e+04
1.815000000000000000e+04
1.825000000000000000e+04
1.835000000000000000e+04
1.845000000000000000e+04
1.855000000000000000e+04
1.865000000000000000e+04
1.875000000000000000e+04
1.885000000000000000e+04
1.895000000000000000e+04
1.905000000000000000e+04
1.915000000000000000e+04
1.925000000000000000e+04
1.935000000000000000e+04
1.945000000000000000e+04
1.955000000000000000e+04
1.965000000000000000e+04
1.975000000000000000e+04
1.985000000000000000e+04
1.995000000000000000e+04
2.005000000000000000e+04
2.015000000000000000e+04
2.025000000000000000e+04
2.035000000000000000e+04
2.045000000000000000e+04
2.055000000000000000e+04
2.065000000000000000e+04
2.075000000000000000e+04
2.085000000000000000e+04
2.095000000000000000e+04
2.105000000000000000e+04
2.115000000000000000e+04
2.125000000000000000e+04
2.135000000000000000e+04
2.145000000000000000e+04
2.155000000000000000e+04
2.165000000000000000e+04
2.175000000000000000e+04
2.185000000000000000e+04
2.195000000000000000e+04
2.205000000000000000e+04
2.215000000000000000e+04
2.225000000000000000e+04
2.235000000000000000e+04
2.245000000000000000e+04
2.255000000000000000e+04
2.265000000000000000e+04
2.275000000000000000e+04
2.285000000000000000e+04
2.295000000000000000e+04
2.305000000000000000e+04
2.315000000000000000e+04
2.325000000000000000e+04
2.335000000000000000e+04
2.345000000000000000e+04
2.355000000000000000e+04
2.365000000000000000e+04
2.375000000000000000e+04
2.385000000000000000e+04
2.395000000000000000e+04
2.405000000000000000e+04
2.415000000000000000e+04
2.425000000000000000e+04
2.435000000000000000e+04
2.445000000000000000e+04
2.455000000000000000e+04
2.465000000000000000e+04
2.475000000000000000e+04
2.485000000000000000e+04
2.495000000000000000e+04
2.505000000000000000e+04
2.515000000000000000e+04
2.525000000000000000e+04
2.535000000000000000e+04
2.545000000000000000e+04
2.555000000000000000e+04
2.565000000000000000e+04
2.575000000000000000e+04
2.585000000000000000e+04
2.595000000000000000e+04
2.605000000000000000e+04
2.615000000000000000e+04
2.625000000000000000e+04
2.635000000000000000e+04
2.645000000000000000e+04
2.655000000000000000e+04
2.665000000000000000e+04
2.675000000000000000e+04
2.685000000000000000e+04
2.695000000000000000e+04
2.705000000000000000e+04
2.715000000000000000e+04
2.725000000000000000e+04
2.735000000000000000e+04
2.745000000000000000e+04
2.755000000000000000e+04
2.765000000000000000e+04
2.775000000000000000e+04
2.785000000000000000e+04
2.795000000000000000e+04
2.805000000000000000e+04
2.815000000000000000e+04
2.825000000000000000e+04
2.835000000000000000e+04
2.845000000000000000e+04
2.855000000000000000e+04
2.865000000000000000e+04
2.875000000000000000e+04
2.885000000000000000e+04
2.895000000000000000e+04
2.905000000000000000e+04
2.915000000000000000e+04
2.925000000000000000e+04
2.935000000000000000e+04
2.945000000000000000e+04
2.955000000000000000e+04
2.965000000000000000e+04
2.975000000000000000e+04
2.985000000000000000e+04
2.995000000000000000e+04
3.005000000000000000e+04
3.015000000000000000e+04
3.025000000000000000e+04
3.035000000000000000e+04
3.045000000000000000e+04
3.055000000000000000e+04
3.065000000000000000e+04
3.075000000000000000e+04
3.085000000000000000e+04
3.095000000000000000e+04
3.105000000000000000e+04
3.115000000000000000e+04
3.125000000000000000e+04
3.135000000000000000e+04
3.145000000000000000e+04
3.155000000000000000e+04
3.165000000000000000e+04
3.175000000000000000e+04
3.185000000000000000e+04
3.195000000000000000e+04
3.210000000000000000e+04
3.230000000000000000e+04
3.250000000000000000e+04
3.270000000000000000e+04
3.290000000000000000e+04
3.310000000000000000e+04
3.330000000000000000e+04
3.350000000000000000e+04
3.370000000000000000e+04
3.390000000000000000e+04
3.410000000000000000e+04
3.430000000000000000e+04
3.450000000000000000e+04
3.470000000000000000e+04
3.490000000000000000e+04
3.510000000000000000e+04
3.530000000000000000e+04
3.550000000000000000e+04
3.570000000000000000e+04
3.590000000000000000e+04
3.610000000000000000e+04
3.630000000000000000e+04
3.650000000000000000e+04
3.670000000000000000e+04
3.690000000000000000e+04
3.710000000000000000e+04
3.730000000000000000e+04
3.750000000000000000e+04
3.770000000000000000e+04
3.790000000000000000e+04
3.810000000000000000e+04
3.830000000000000000e+04
3.850000000000000000e+04
3.870000000000000000e+04
3.890000000000000000e+04
3.910000000000000000e+04
3.930000000000000000e+04
3.950000000000000000e+04
3.970000000000000000e+04
3.990000000000000000e+04
4.010000000000000000e+04
4.030000000000000000e+04
4.050000000000000000e+04
4.070000000000000000e+04
4.090000000000000000e+04
4.110000000000000000e+04
4.130000000000000000e+04
4.150000000000000000e+04
4.170000000000000000e+04
4.190000000000000000e+04
4.210000000000000000e+04
4.230000000000000000e+04
4.250000000000000000e+04
4.270000000000000000e+04
4.290000000000000000e+04
4.310000000000000000e+04
4.330000000000000000e+04
4.350000000000000000e+04
4.370000000000000000e+04
4.390000000000000000e+04
4.410000000000000000e+04
4.430000000000000000e+04
4.450000000000000000e+04
4.470000000000000000e+04
4.490000000000000000e+04
4.510000000000000000e+04
4.530000000000000000e+04
4.550000000000000000e+04
4.570000000000000000e+04
4.590000000000000000e+04
4.610000000000000000e+04
4.630000000000000000e+04
4.650000000000000000e+04
4.670000000000000000e+04
4.690000000000000000e+04
4.710000000000000000e+04
4.730000000000000000e+04
4.750000000000000000e+04
4.770000000000000000e+04
4.790000000000000000e+04
4.810000000000000000e+04
4.830000000000000000e+04
4.850000000000000000e+04
4.870000000000000000e+04
4.890000000000000000e+04
4.910000000000000000e+04
4.930000000000000000e+04
4.950000000000000000e+04
4.970000000000000000e+04
4.990000000000000000e+04
5.010000000000000000e+04
5.030000000000000000e+04
5.050000000000000000e+04
5.070000000000000000e+04
5.090000000000000000e+04
5.110000000000000000e+04
5.130000000000000000e+04
5.150000000000000000e+04
5.170000000000000000e+04
5.190000000000000000e+04
5.210000000000000000e+04
5.230000000000000000e+04
5.250000000000000000e+04
5.270000000000000000e+04
5.290000000000000000e+04
5.310000000000000000e+04
5.330000000000000000e+04
5.350000000000000000e+04
5.370000000000000000e+04
5.390000000000000000e+04
5.410000000000000000e+04
5.430000000000000000e+04
5.450000000000000000e+04
5.470000000000000000e+04
5.490000000000000000e+04
5.510000000000000000e+04
5.530000000000000000e+04
5.550000000000000000e+04
5.570000000000000000e+04
5.590000000000000000e+04
5.610000000000000000e+04
5.630000000000000000e+04
5.650000000000000000e+04
5.670000000000000000e+04
5.690000000000000000e+04
5.710000000000000000e+04
5.730000000000000000e+04
5.750000000000000000e+04
5.770000000000000000e+04
5.790000000000000000e+04
5.810000000000000000e+04
5.830000000000000000e+04
5.850000000000000000e+04
5.870000000000000000e+04
5.890000000000000000e+04
5.910000000000000000e+04
5.930000000000000000e+04
5.950000000000000000e+04
5.970000000000000000e+04
5.990000000000000000e+04
6.010000000000000000e+04
6.030000000000000000e+04
6.050000000000000000e+04
6.070000000000000000e+04
6.090000000000000000e+04
6.110000000000000000e+04
6.130000000000000000e+04
6.150000000000000000e+04
6.170000000000000000e+04
6.190000000000000000e+04
6.210000000000000000e+04
6.230000000000000000e+04
6.250000000000000000e+04
6.270000000000000000e+04
6.290000000000000000e+04
6.310000000000000000e+04
6.330000000000000000e+04
6.350000000000000000e+04
6.370000000000000000e+04
6.390000000000000000e+04
6.420000000000000000e+04
6.460000000000000000e+04
6.500000000000000000e+04
6.540000000000000000e+04
6.580000000000000000e+04
6.620000000000000000e+04
6.660000000000000000e+04
6.700000000000000000e+04
6.740000000000000000e+04
6.780000000000000000e+04
6.820000000000000000e+04
6.860000000000000000e+04
6.900000000000000000e+04
6.940000000000000000e+04
6.980000000000000000e+04
7.020000000000000000e+04
7.060000000000000000e+04
7.100000000000000000e+04
7.140000000000000000e+04
7.180000000000000000e+04
7.220000000000000000e+04
7.260000000000000000e+04
7.300000000000000000e+04
7.340000000000000000e+04
7.380000000000000000e+04
7.420000000000000000e+04
7.460000000000000000e+04
7.500000000000000000e+04
7.540000000000000000e+04
7.580000000000000000e+04
7.620000000000000000e+04
7.660000000000000000e+04
7.700000000000000000e+04
7.740000000000000000e+04
7.780000000000000000e+04
7.820000000000000000e+04
7.860000000000000000e+04
7.900000000000000000e+04
7.940000000000000000e+04
7.980000000000000000e+04
8.020000000000000000e+04
8.060000000000000000e+04
8.100000000000000000e+04
8.140000000000000000e+04
8.180000000000000000e+04
8.220000000000000000e+04
8.260000000000000000e+04
8.300000000000000000e+04
8.340000000000000000e+04
8.380000000000000000e+04
8.420000000000000000e+04
8.460000000000000000e+04
8.500000000000000000e+04
8.540000000000000000e+04
8.580000000000000000e+04
8.620000000000000000e+04
8.660000000000000000e+04
8.700000000000000000e+04
8.740000000000000000e+04
8.780000000000000000e+04
8.820000000000000000e+04
8.860000000000000000e+04
8.900000000000000000e+04
8.940000000000000000e+04
8.980000000000000000e+04
9.020000000000000000e+04
9.060000000000000000e+04
9.100000000000000000e+04
9.140000000000000000e+04
9.180000000000000000e+04
9.220000000000000000e+04
9.260000000000000000e+04
9.300000000000000000e+04
9.340000000000000000e+04
9.380000000000000000e+04
9.420000000000000000e+04
9.460000000000000000e+04
9.500000000000000000e+04
9.540000000000000000e+04
9.580000000000000000e+04
9.620000000000000000e+04
9.660000000000000000e+04
9.700000000000000000e+04
9.740000000000000000e+04
9.780000000000000000e+04
9.820000000000000000e+04
9.860000000000000000e+04
9.900000000000000000e+04
9.940000000000000000e+04
9.980000000000000000e+04
1.000000000000000000e+05
1.009000000000000000e+05
1.019000000000000000e+05
1.028000000000000000e+05
1.038000000000000000e+05
1.047000000000000000e+05
1.057000000000000000e+05
1.067000000000000000e+05
1.076000000000000000e+05
1.086000000000000000e+05
1.096000000000000000e+05
1.107000000000000000e+05
1.117000000000000000e+05
1.127000000000000000e+05
1.138000000000000000e+05
1.148000000000000000e+05
1.159000000000000000e+05
1.169000000000000000e+05
1.180000000000000000e+05
1.191000000000000000e+05
1.202000000000000000e+05
1.213000000000000000e+05
1.225000000000000000e+05
1.236000000000000000e+05
1.247000000000000000e+05
1.259000000000000000e+05
1.271000000000000000e+05
1.282000000000000000e+05
1.294000000000000000e+05
1.306000000000000000e+05
1.318000000000000000e+05
1.330000000000000000e+05
1.343000000000000000e+05
1.355000000000000000e+05
1.368000000000000000e+05
1.380000000000000000e+05
1.393000000000000000e+05
1.406000000000000000e+05
1.419000000000000000e+05
1.432000000000000000e+05
1.445000000000000000e+05
1.459000000000000000e+05
1.472000000000000000e+05
1.486000000000000000e+05
1.500000000000000000e+05
1.514000000000000000e+05
1.528000000000000000e+05
1.542000000000000000e+05
1.556000000000000000e+05
1.570000000000000000e+05
1.585000000000000000e+05
1.600000000000000000e+05
1.614000000000000000e+05
1.629000000000000000e+05
1.644000000000000000e+05
1.660000000000000000e+05
1.675000000000000000e+05
1.690000000000000000e+05
1.706000000000000000e+05
1.722000000000000000e+05
1.738000000000000000e+05
1.754000000000000000e+05
1.770000000000000000e+05
1.786000000000000000e+05
1.803000000000000000e+05
1.820000000000000000e+05
1.837000000000000000e+05
1.854000000000000000e+05
1.871000000000000000e+05
1.888000000000000000e+05
1.905000000000000000e+05
1.923000000000000000e+05
1.941000000000000000e+05
1.959000000000000000e+05
1.977000000000000000e+05
1.995000000000000000e+05
2.014000000000000000e+05
2.032000000000000000e+05
2.051000000000000000e+05
2.070000000000000000e+05
2.089000000000000000e+05
2.109000000000000000e+05
2.128000000000000000e+05
2.148000000000000000e+05
2.168000000000000000e+05
2.188000000000000000e+05
2.208000000000000000e+05
2.228000000000000000e+05
2.249000000000000000e+05
2.270000000000000000e+05
2.291000000000000000e+05
2.312000000000000000e+05
2.333000000000000000e+05
2.355000000000000000e+05
2.377000000000000000e+05
2.399000000000000000e+05
2.421000000000000000e+05
2.443000000000000000e+05
2.466000000000000000e+05
2.489000000000000000e+05
2.512000000000000000e+05
2.535000000000000000e+05
2.559000000000000000e+05
2.582000000000000000e+05
2.606000000000000000e+05
2.630000000000000000e+05
2.655000000000000000e+05
2.679000000000000000e+05
2.704000000000000000e+05
2.729000000000000000e+05
2.754000000000000000e+05
2.780000000000000000e+05
2.805000000000000000e+05
2.831000000000000000e+05
2.858000000000000000e+05
2.884000000000000000e+05
2.911000000000000000e+05
2.938000000000000000e+05
2.965000000000000000e+05
2.992000000000000000e+05
3.020000000000000000e+05
3.048000000000000000e+05
3.076000000000000000e+05
3.105000000000000000e+05
3.133000000000000000e+05
3.162000000000000000e+05
3.192000000000000000e+05
3.221000000000000000e+05
3.251000000000000000e+05
3.281000000000000000e+05
3.311000000000000000e+05
3.342000000000000000e+05
3.373000000000000000e+05
3.404000000000000000e+05
3.436000000000000000e+05
3.467000000000000000e+05
3.499000000000000000e+05
3.532000000000000000e+05
3.565000000000000000e+05
3.597000000000000000e+05
3.631000000000000000e+05
3.664000000000000000e+05
3.698000000000000000e+05
3.733000000000000000e+05
3.767000000000000000e+05
3.802000000000000000e+05
3.837000000000000000e+05
3.873000000000000000e+05
3.908000000000000000e+05
3.945000000000000000e+05
3.981000000000000000e+05
4.018000000000000000e+05
4.055000000000000000e+05
4.093000000000000000e+05
4.130000000000000000e+05
4.169000000000000000e+05
4.207000000000000000e+05
4.246000000000000000e+05
4.285000000000000000e+05
4.325000000000000000e+05
4.365000000000000000e+05
4.406000000000000000e+05
4.446000000000000000e+05
4.487000000000000000e+05
4.529000000000000000e+05
4.571000000000000000e+05
4.613000000000000000e+05
4.656000000000000000e+05
4.699000000000000000e+05
4.742000000000000000e+05
4.786000000000000000e+05
4.831000000000000000e+05
4.875000000000000000e+05
4.920000000000000000e+05
4.966000000000000000e+05
5.012000000000000000e+05
5.058000000000000000e+05
5.105000000000000000e+05
5.152000000000000000e+05
5.200000000000000000e+05
5.248000000000000000e+05
5.297000000000000000e+05
5.346000000000000000e+05
5.395000000000000000e+05
5.445000000000000000e+05
5.495000000000000000e+05
5.546000000000000000e+05
5.598000000000000000e+05
5.649000000000000000e+05
5.702000000000000000e+05
5.754000000000000000e+05
5.808000000000000000e+05
5.861000000000000000e+05
5.916000000000000000e+05
5.970000000000000000e+05
6.026000000000000000e+05
6.081000000000000000e+05
6.138000000000000000e+05
6.194000000000000000e+05
6.252000000000000000e+05
6.310000000000000000e+05
6.368000000000000000e+05
6.427000000000000000e+05
6.486000000000000000e+05
6.546000000000000000e+05
6.607000000000000000e+05
6.668000000000000000e+05
6.730000000000000000e+05
6.792000000000000000e+05
6.855000000000000000e+05
6.918000000000000000e+05
6.982000000000000000e+05
7.047000000000000000e+05
7.112000000000000000e+05
7.178000000000000000e+05
7.244000000000000000e+05
7.311000000000000000e+05
7.379000000000000000e+05
7.447000000000000000e+05
7.516000000000000000e+05
7.586000000000000000e+05
7.656000000000000000e+05
7.727000000000000000e+05
7.798000000000000000e+05
7.870000000000000000e+05
7.943000000000000000e+05
8.017000000000000000e+05
8.091000000000000000e+05
8.166000000000000000e+05
8.241000000000000000e+05
8.318000000000000000e+05
8.395000000000000000e+05
8.472000000000000000e+05
8.551000000000000000e+05
8.630000000000000000e+05
8.710000000000000000e+05
8.790000000000000000e+05
8.872000000000000000e+05
8.954000000000000000e+05
9.036000000000000000e+05
9.120000000000000000e+05
9.204000000000000000e+05
9.290000000000000000e+05
9.376000000000000000e+05
9.462000000000000000e+05
9.550000000000000000e+05
9.638000000000000000e+05
9.727000000000000000e+05
9.817000000000000000e+05
9.908000000000000000e+05
1.000000000000000000e+06
1.009000000000000000e+06
1.019000000000000000e+06
1.028000000000000000e+06
1.038000000000000000e+06
1.047000000000000000e+06
1.057000000000000000e+06
1.067000000000000000e+06
1.076000000000000000e+06
1.086000000000000000e+06
1.096000000000000000e+06
1.107000000000000000e+06
1.117000000000000000e+06
1.127000000000000000e+06
1.138000000000000000e+06
1.148000000000000000e+06
1.159000000000000000e+06
1.169000000000000000e+06
1.180000000000000000e+06
1.191000000000000000e+06
1.202000000000000000e+06
1.213000000000000000e+06
1.225000000000000000e+06
1.236000000000000000e+06
1.247000000000000000e+06
1.259000000000000000e+06
1.271000000000000000e+06
1.282000000000000000e+06
1.294000000000000000e+06
1.306000000000000000e+06
1.318000000000000000e+06
1.330000000000000000e+06
1.343000000000000000e+06
1.355000000000000000e+06
1.368000000000000000e+06
1.380000000000000000e+06
1.393000000000000000e+06
1.406000000000000000e+06
1.419000000000000000e+06
1.432000000000000000e+06
1.445000000000000000e+06
1.459000000000000000e+06
1.472000000000000000e+06
1.486000000000000000e+06
1.500000000000000000e+06
1.514000000000000000e+06
1.528000000000000000e+06
1.542000000000000000e+06
1.556000000000000000e+06
1.570000000000000000e+06
1.585000000000000000e+06
1.600000000000000000e+06
1.614000000000000000e+06
1.629000000000000000e+06
1.644000000000000000e+06
1.660000000000000000e+06
1.675000000000000000e+06
1.690000000000000000e+06
1.706000000000000000e+06
1.722000000000000000e+06
1.738000000000000000e+06
1.754000000000000000e+06
1.770000000000000000e+06
1.786000000000000000e+06
1.803000000000000000e+06
1.820000000000000000e+06
1.837000000000000000e+06
1.854000000000000000e+06
1.871000000000000000e+06
1.888000000000000000e+06
1.905000000000000000e+06
1.923000000000000000e+06
1.941000000000000000e+06
1.959000000000000000e+06
1.977000000000000000e+06
1.995000000000000000e+06
2.014000000000000000e+06
2.032000000000000000e+06
2.051000000000000000e+06
2.070000000000000000e+06
2.089000000000000000e+06
2.109000000000000000e+06
2.128000000000000000e+06
2.148000000000000000e+06
2.168000000000000000e+06
2.188000000000000000e+06
2.208000000000000000e+06
2.228000000000000000e+06
2.249000000000000000e+06
2.270000000000000000e+06
2.291000000000000000e+06
2.312000000000000000e+06
2.333000000000000000e+06
2.355000000000000000e+06
2.377000000000000000e+06
2.399000000000000000e+06
2.421000000000000000e+06
2.443000000000000000e+06
2.466000000000000000e+06
2.489000000000000000e+06
2.512000000000000000e+06
2.535000000000000000e+06
2.559000000000000000e+06
2.582000000000000000e+06
2.606000000000000000e+06
2.630000000000000000e+06
2.655000000000000000e+06
2.679000000000000000e+06
2.704000000000000000e+06
2.729000000000000000e+06
2.754000000000000000e+06
2.780000000000000000e+06
2.805000000000000000e+06
2.831000000000000000e+06
2.858000000000000000e+06
2.884000000000000000e+06
2.911000000000000000e+06
2.938000000000000000e+06
2.965000000000000000e+06
2.992000000000000000e+06
3.020000000000000000e+06
3.048000000000000000e+06
3.076000000000000000e+06
3.105000000000000000e+06
3.133000000000000000e+06
3.162000000000000000e+06
3.192000000000000000e+06
3.221000000000000000e+06
3.251000000000000000e+06
3.281000000000000000e+06
3.311000000000000000e+06
3.342000000000000000e+06
3.373000000000000000e+06
3.404000000000000000e+06
3.436000000000000000e+06
3.467000000000000000e+06
3.499000000000000000e+06
3.532000000000000000e+06
3.565000000000000000e+06
3.597000000000000000e+06
3.631000000000000000e+06
3.664000000000000000e+06
3.698000000000000000e+06
3.733000000000000000e+06
3.767000000000000000e+06
3.802000000000000000e+06
3.837000000000000000e+06
3.873000000000000000e+06
3.908000000000000000e+06
3.945000000000000000e+06
3.981000000000000000e+06
4.018000000000000000e+06
4.055000000000000000e+06
4.093000000000000000e+06
4.130000000000000000e+06
4.169000000000000000e+06
4.207000000000000000e+06
4.246000000000000000e+06
4.285000000000000000e+06
4.325000000000000000e+06
4.365000000000000000e+06
4.406000000000000000e+06
4.446000000000000000e+06
4.487000000000000000e+06
4.529000000000000000e+06
4.571000000000000000e+06
4.613000000000000000e+06
4.656000000000000000e+06
4.699000000000000000e+06
4.742000000000000000e+06
4.786000000000000000e+06
4.831000000000000000e+06
4.875000000000000000e+06
4.920000000000000000e+06
4.966000000000000000e+06
5.012000000000000000e+06
5.058000000000000000e+06
5.105000000000000000e+06
5.152000000000000000e+06
5.200000000000000000e+06
5.248000000000000000e+06
5.297000000000000000e+06
5.346000000000000000e+06
5.395000000000000000e+06
5.445000000000000000e+06
5.495000000000000000e+06
5.546000000000000000e+06
5.598000000000000000e+06
5.649000000000000000e+06
5.702000000000000000e+06
5.754000000000000000e+06
5.808000000000000000e+06
5.861000000000000000e+06
5.916000000000000000e+06
5.970000000000000000e+06
6.026000000000000000e+06
6.081000000000000000e+06
6.138000000000000000e+06
6.194000000000000000e+06
6.252000000000000000e+06
6.310000000000000000e+06
6.368000000000000000e+06
6.427000000000000000e+06
6.486000000000000000e+06
6.546000000000000000e+06
6.607000000000000000e+06
6.668000000000000000e+06
6.730000000000000000e+06
6.792000000000000000e+06
6.855000000000000000e+06
6.918000000000000000e+06
6.982000000000000000e+06
7.047000000000000000e+06
7.112000000000000000e+06
7.178000000000000000e+06
7.244000000000000000e+06
7.311000000000000000e+06
7.379000000000000000e+06
7.447000000000000000e+06
7.516000000000000000e+06
7.586000000000000000e+06
7.656000000000000000e+06
7.727000000000000000e+06
7.798000000000000000e+06
7.870000000000000000e+06
7.943000000000000000e+06
8.017000000000000000e+06
8.091000000000000000e+06
8.166000000000000000e+06
8.241000000000000000e+06
8.318000000000000000e+06
8.395000000000000000e+06
8.472000000000000000e+06
8.551000000000000000e+06
8.630000000000000000e+06
8.710000000000000000e+06
8.790000000000000000e+06
8.872000000000000000e+06
8.954000000000000000e+06
9.036000000000000000e+06
9.120000000000000000e+06
9.204000000000000000e+06
9.290000000000000000e+06
9.376000000000000000e+06
9.462000000000000000e+06
9.550000000000000000e+06
9.638000000000000000e+06
9.727000000000000000e+06
9.817000000000000000e+06
9.908000000000000000e+06
1.000000000000000000e+07
1.009000000000000000e+07
1.019000000000000000e+07
1.028000000000000000e+07
1.038000000000000000e+07
1.047000000000000000e+07
1.057000000000000000e+07
1.067000000000000000e+07
1.076000000000000000e+07
1.086000000000000000e+07
1.096000000000000000e+07
1.107000000000000000e+07
1.117000000000000000e+07
1.127000000000000000e+07
1.138000000000000000e+07
1.148000000000000000e+07
1.159000000000000000e+07
1.169000000000000000e+07
1.180000000000000000e+07
1.191000000000000000e+07
1.202000000000000000e+07
1.213000000000000000e+07
1.225000000000000000e+07
1.236000000000000000e+07
1.247000000000000000e+07
1.259000000000000000e+07
1.271000000000000000e+07
1.282000000000000000e+07
1.294000000000000000e+07
1.306000000000000000e+07
1.318000000000000000e+07
1.330000000000000000e+07
1.343000000000000000e+07
1.355000000000000000e+07
1.368000000000000000e+07
1.380000000000000000e+07
1.393000000000000000e+07
1.406000000000000000e+07
1.419000000000000000e+07
1.432000000000000000e+07
1.445000000000000000e+07
1.459000000000000000e+07
1.472000000000000000e+07
1.486000000000000000e+07
1.500000000000000000e+07
1.514000000000000000e+07
1.528000000000000000e+07
1.542000000000000000e+07
1.556000000000000000e+07
1.570000000000000000e+07
1.585000000000000000e+07
1.600000000000000000e+07
1.614000000000000000e+07
1.629000000000000000e+07
1.644000000000000000e+07
1.660000000000000000e+07
1.675000000000000000e+07
1.690000000000000000e+07
1.706000000000000000e+07
1.722000000000000000e+07
1.738000000000000000e+07
1.754000000000000000e+07
1.770000000000000000e+07
1.786000000000000000e+07
1.803000000000000000e+07
1.820000000000000000e+07
1.837000000000000000e+07
1.854000000000000000e+07
1.871000000000000000e+07
1.888000000000000000e+07
1.905000000000000000e+07
1.923000000000000000e+07
1.941000000000000000e+07
1.959000000000000000e+07
1.977000000000000000e+07
1.995000000000000000e+07
2.014000000000000000e+07
2.032000000000000000e+07
2.051000000000000000e+07
2.070000000000000000e+07
2.089000000000000000e+07
2.109000000000000000e+07
2.128000000000000000e+07
2.148000000000000000e+07
2.168000000000000000e+07
2.188000000000000000e+07
2.208000000000000000e+07
2.228000000000000000e+07
2.249000000000000000e+07
2.270000000000000000e+07
2.291000000000000000e+07
2.312000000000000000e+07
2.333000000000000000e+07
2.355000000000000000e+07
2.377000000000000000e+07
2.399000000000000000e+07
2.421000000000000000e+07
2.443000000000000000e+07
2.466000000000000000e+07
2.489000000000000000e+07
2.512000000000000000e+07
2.535000000000000000e+07
2.559000000000000000e+07
2.582000000000000000e+07
2.606000000000000000e+07
2.630000000000000000e+07
2.655000000000000000e+07
2.679000000000000000e+07
2.704000000000000000e+07
2.729000000000000000e+07
2.754000000000000000e+07
2.780000000000000000e+07
2.805000000000000000e+07
2.831000000000000000e+07
2.858000000000000000e+07
2.884000000000000000e+07
2.911000000000000000e+07
2.938000000000000000e+07
2.965000000000000000e+07
2.992000000000000000e+07
3.020000000000000000e+07
3.048000000000000000e+07
3.076000000000000000e+07
3.105000000000000000e+07
3.133000000000000000e+07
3.162000000000000000e+07
3.192000000000000000e+07
3.221000000000000000e+07
3.251000000000000000e+07
3.281000000000000000e+07
3.311000000000000000e+07
3.342000000000000000e+07
3.373000000000000000e+07
3.404000000000000000e+07
3.436000000000000000e+07
3.467000000000000000e+07
3.499000000000000000e+07
3.532000000000000000e+07
3.565000000000000000e+07
3.597000000000000000e+07
3.631000000000000000e+07
3.664000000000000000e+07
3.698000000000000000e+07
3.733000000000000000e+07
3.767000000000000000e+07
3.802000000000000000e+07
3.837000000000000000e+07
3.873000000000000000e+07
3.908000000000000000e+07
3.945000000000000000e+07
3.981000000000000000e+07
4.018000000000000000e+07
4.055000000000000000e+07
4.093000000000000000e+07
4.130000000000000000e+07
4.169000000000000000e+07
4.207000000000000000e+07
4.246000000000000000e+07
4.285000000000000000e+07
4.325000000000000000e+07
4.365000000000000000e+07
4.406000000000000000e+07
4.446000000000000000e+07
4.487000000000000000e+07
4.529000000000000000e+07
4.571000000000000000e+07
4.613000000000000000e+07
4.656000000000000000e+07
4.699000000000000000e+07
4.742000000000000000e+07
4.786000000000000000e+07
4.831000000000000000e+07
4.875000000000000000e+07
4.920000000000000000e+07
4.966000000000000000e+07
5.012000000000000000e+07
5.058000000000000000e+07
5.105000000000000000e+07
5.152000000000000000e+07
5.200000000000000000e+07
5.248000000000000000e+07
5.297000000000000000e+07
5.346000000000000000e+07
5.395000000000000000e+07
5.445000000000000000e+07
5.495000000000000000e+07
5.546000000000000000e+07
5.598000000000000000e+07
5.649000000000000000e+07
5.702000000000000000e+07
5.754000000000000000e+07
5.808000000000000000e+07
5.861000000000000000e+07
5.916000000000000000e+07
5.970000000000000000e+07
6.026000000000000000e+07
6.081000000000000000e+07
6.138000000000000000e+07
6.194000000000000000e+07
6.252000000000000000e+07
6.310000000000000000e+07
6.368000000000000000e+07
6.427000000000000000e+07
6.486000000000000000e+07
6.546000000000000000e+07
6.607000000000000000e+07
6.668000000000000000e+07
6.730000000000000000e+07
6.792000000000000000e+07
6.855000000000000000e+07
6.918000000000000000e+07
6.982000000000000000e+07
7.047000000000000000e+07
7.112000000000000000e+07
7.178000000000000000e+07
7.244000000000000000e+07
7.311000000000000000e+07
7.379000000000000000e+07
7.447000000000000000e+07
7.516000000000000000e+07
7.586000000000000000e+07
7.656000000000000000e+07
7.727000000000000000e+07
7.798000000000000000e+07
7.870000000000000000e+07
7.943000000000000000e+07
8.017000000000000000e+07
8.091000000000000000e+07
8.166000000000000000e+07
8.241000000000000000e+07
8.318000000000000000e+07
8.395000000000000000e+07
8.472000000000000000e+07
8.551000000000000000e+07
8.630000000000000000e+07
8.710000000000000000e+07
8.790000000000000000e+07
8.872000000000000000e+07
8.954000000000000000e+07
9.036000000000000000e+07
9.120000000000000000e+07
9.204000000000000000e+07
9.290000000000000000e+07
9.376000000000000000e+07
9.462000000000000000e+07
9.550000000000000000e+07
9.638000000000000000e+07
9.727000000000000000e+07
9.817000000000000000e+07
9.908000000000000000e+07
1.000000000000000000e+08
