-2.625289477093491934e-04
-4.731831855679361929e-04
-3.183225081370937145e-04
-2.364491299786806089e-04
-1.901777495548967532e-04
-7.124534693357106397e-05
-7.375996953805180839e-05
2.555956842264078539e-04
4.175209547967370085e-04
5.577733395711150562e-04
5.917811918437156007e-04
1.122946620955601058e-03
3.539983809799984249e-04
3.475932586890367621e-05
-4.301885729803446709e-04
-8.401318520415123605e-04
-9.638261690264686953e-04
-3.794685114618435735e-04
1.546232807138012925e-03
8.205177527060867953e-04
8.645251505797772653e-04
8.743221402985313327e-04
8.346324333916134777e-04
7.501554641743887752e-04
5.969258863500689644e-04
3.622522717194594059e-04
-2.604452463523854899e-05
-7.270088132787446041e-04
-1.358292993976124808e-03
-1.184471097164897530e-03
3.852458466132808734e-01
2.003592730435157458e-04
2.660900033994772823e-04
2.504409462688199145e-04
2.069163267575171712e-04
1.036450622321425361e-04
1.407466701278026926e-05
-6.031877686009336545e-05
-1.410800552494458581e-04
-2.130872379634969583e-04
-2.610841719482374099e-04
-3.002421585284647046e-04
-3.799367836717256462e-04
-3.635476094463956738e-04
-3.901449787050252638e-04
-3.998627197955174212e-04
-4.110642399900509914e-04
-4.068899383099823519e-04
-4.196062036997849523e-04
-4.268753135127340654e-04
-4.158770334840620293e-04
-4.110136182776558014e-04
-4.135620164512388312e-04
-4.094369285332373335e-04
-3.980548739308845899e-04
-3.830373279168262598e-04
-3.630684801108698709e-04
-3.627347196957908374e-04
-3.107550379324229518e-04
-3.047745332853059493e-04
-2.893565868372233456e-04
-2.592598623825697257e-04
-2.510756821550536532e-04
-2.219525516486842306e-04
-2.138954841660703520e-04
-1.757666708122659753e-04
-1.283529187922088531e-04
-6.654035579475666329e-05
-3.115774142505635277e-05
6.075177000810202557e-06
4.621519112798635272e-05
8.798366252246115553e-05
1.370460339488574941e-04
1.902407948748551132e-04
2.326187436639049529e-04
2.524484084206400874e-04
3.405929508544828458e-04
4.105458210573296085e-04
4.300340659403310319e-04
4.568329785808694470e-04
5.089984076917487225e-04
5.509326958431263544e-04
5.861562820229811437e-04
6.537400146481534436e-04
6.880363350809508846e-04
7.288392568845993187e-04
7.721138357927899562e-04
8.244087375380714129e-04
8.438804056286421974e-04
8.649959968919059602e-04
8.806157890701942327e-04
8.958180787573964861e-04
8.982009293002262210e-04
8.936960834213776919e-04
8.910033399190100609e-04
8.548945023166474016e-04
8.229076228261557758e-04
7.783034766740827386e-04
7.100499504298970338e-04
6.250317623792108271e-04
5.276573198617726546e-04
4.009939408650433062e-04
1.740329389499254776e-04
1.396518613066548449e-04
-2.321081196456004417e-05
-1.931139183455939795e-04
-3.562566869433189589e-04
-5.386918669389520464e-04
-7.348379047835731622e-04
-8.608815590307502662e-04
-9.459528298034169643e-04
-9.786232534380752933e-04
-9.595439209955082495e-04
-7.940612388786694349e-04
-5.407621104531685000e-04
-1.112011500791769045e-04
4.683550315069525348e-04
-9.747777453106495904e-04
-1.143918857523354687e-03
-1.066165030491065830e-03
-1.029349128125947284e-03
-9.613399556010907357e-04
-8.710242350547588337e-04
-7.794645680496825992e-04
-6.887354642032968936e-04
-5.941041390772091972e-04
-4.995993080155398166e-04
-4.192169262776785071e-04
-3.228430946192239808e-04
-2.440446930221435340e-04
-1.463540942466429488e-04
-5.908153363118315879e-05
5.566002781495340353e-05
1.368121325952584668e-04
2.119614760618211886e-04
2.989868873784587455e-04
3.945955199377182854e-04
4.731134208631269499e-04
5.530858111233504871e-04
6.266803956679282278e-04
7.076527603531493869e-04
7.632365262429475833e-04
8.363009253523862952e-04
9.027459059888444295e-04
9.550638678231364049e-04
1.008819502945028715e-03
1.070846102625022059e-03
1.116940749351822207e-03
1.134660397523111009e-03
1.168001447487762665e-03
1.192024165943864848e-03
1.208594739268331348e-03
1.212756628332638253e-03
1.214218657471498233e-03
1.209416934048295573e-03
1.208317291401689439e-03
1.156099848373723978e-03
1.114853777424807324e-03
1.048935090136726613e-03
9.783568571417448380e-04
8.891767717929992872e-04
7.764958213817918856e-04
6.486549235995816079e-04
4.889491677492401956e-04
3.522014409153821244e-04
2.490712226680296456e-04
9.621179591057471515e-05
-1.250523072794924135e-04
-3.962923146283119221e-04
-7.071814830947086364e-04
-1.045001195948519392e-03
-1.413804883307044971e-03
-1.850093751467826036e-03
-1.981125500697408261e-03
-1.062898905379026362e-03
-4.159650805415182986e-04
-4.213843100244349599e-04
-3.970542536981692809e-04
-3.912085324336656098e-04
-4.038990425089211776e-04
-3.740460382568313539e-04
-3.850676221252108899e-04
-3.801020471164607986e-04
-3.755137640467643952e-04
-3.752426337492603420e-04
-3.625127988408617880e-04
-3.556141695667138338e-04
-3.577895140955866977e-04
-3.414476093450231550e-04
-3.308993271797916187e-04
-3.241356509495762236e-04
-3.195987317726597596e-04
-3.142504542371592473e-04
-2.555566980482438730e-04
-2.733006681479248747e-04
-2.761701663243142459e-04
-2.636268649854515240e-04
-2.540528198814429560e-04
-2.485064319090368647e-04
-2.214773582018350357e-04
-1.997127904827371845e-04
-2.009502039649335714e-04
-1.965846753277415097e-04
-1.740599617363642747e-04
-1.347601020539512177e-04
-1.282116758272158416e-04
-9.913810141738433604e-05
-9.058011725765435470e-05
-7.840637395492602011e-05
-6.935120644828146467e-05
-8.008636031804156280e-05
-1.027557169075246656e-04
-1.590125391472097752e-04
-1.954334743274863703e-04
-2.532759682944769517e-04
4.942886554593322723e-06
7.946401795631285211e-05
1.296828747183724918e-04
1.417050890158585671e-04
1.840933327154908471e-04
2.239525113961384623e-04
2.595025338505991945e-04
3.019278082434423459e-04
3.754604143067593507e-04
4.276314483021737434e-04
5.006086551881869500e-04
5.999964204033886349e-04
6.670990507327656353e-04
7.684180278633467084e-04
7.591133234377085356e-04
-1.562223038135113944e-03
-1.182548725382139617e-03
-7.835553351037940128e-04
-3.847663161087555269e-04
-1.779380056312512056e-05
3.660596149718736226e-04
7.321443059043529576e-04
1.084579708162211175e-03
1.420203166206419811e-03
1.734891594455212176e-03
1.991614578684032175e-03
2.087857831851758737e-03
8.307864820427963287e-05
-2.593881929394852015e-03
-1.040366980247165590e-03
-9.473477892466620250e-04
-3.659314076511629922e-05
-7.922752385588862408e-04
-7.564801222211395889e-04
-6.740472098046494491e-04
-6.214373457697243419e-04
-5.915571598621794172e-04
-5.288170860241027740e-04
-3.513511282303770182e-04
-4.746068083592525034e-04
-3.490374161157570442e-04
-3.119757685317736283e-04
-2.706345437417116608e-04
-2.627364420330094387e-04
-1.755577680469009401e-04
-1.345716728504982415e-04
-7.818622942414065521e-05
-6.226768194071309191e-05
-3.260245846351463326e-05
3.029601909083357584e-06
-2.160794322396822814e-05
5.066640724959212800e-05
7.554088472607111630e-05
1.043587719494098911e-04
1.189659651378823576e-04
1.427328539261198256e-04
1.709046567941801208e-04
1.820601714145681969e-04
1.826571518439243933e-04
2.070564275656220179e-04
2.264866156803400704e-04
2.275368575108164214e-04
1.222098189858251537e-03
2.236888850193246886e-04
2.254205741267234779e-04
2.257806043754685861e-04
2.390624158035804868e-04
2.105932481014091760e-04
2.397459814523915009e-04
2.071826262876803090e-04
1.993577357975662363e-04
2.028867445413378118e-04
1.762580274808103168e-04
1.547142560380981358e-04
1.400862817228079918e-04
1.302540772476761953e-04
1.166689666730373815e-04
9.958760973405233140e-05
7.630673628909498516e-05
4.578063653807063773e-05
7.161765236996975861e-06
1.445800642547038473e-05
-7.393713082021065558e-06
-4.509408382309645273e-05
-5.702399460896745117e-05
-7.979311961715918164e-05
-1.109363907013069018e-04
-1.248162866834616165e-04
5.834435134925230017e-05
-1.810447075468814325e-04
-2.063135036832295256e-04
-2.411448884442009331e-04
-8.910805148514070991e-05
4.250293677482658663e-04
-3.150993317177798177e-04
4.184871264573142448e-05
-3.140827679052021868e-04
-3.610041272221717638e-04
-3.943451300050589028e-04
-4.046020912319679436e-04
-4.219663717776513806e-04
-4.358404714616582348e-04
-4.182711079035958965e-04
-4.345026614773203144e-04
-4.300769207064986110e-04
-4.259250435553450526e-04
-4.424046050124100455e-04
-4.318529955888838340e-04
-4.240585684024447384e-04
-4.142723698764136028e-04
-3.931851313567374419e-04
-3.722543575293490396e-04
-3.428972645317642171e-04
-2.945869460204424313e-04
-2.502745336913290140e-04
-1.991873652815630562e-04
-1.478722209330721399e-04
-9.244658516339431822e-05
-1.913234199508047465e-05
5.743354642522157543e-05
1.420537311659424379e-04
2.400835628071869342e-04
3.498270161034567130e-04
4.463758941565157509e-04
5.745982768444787142e-04
6.982780154684410743e-04
8.172582634257060134e-04
9.682895533444546739e-04
1.130276585559071220e-03
1.081092517112025152e-03
8.489944926540371635e-05
7.256199635035656074e-05
1.277792472878905067e-04
6.342552824772318908e-05
6.516631609430049337e-05
4.461144850881110149e-05
4.564178797975558169e-05
4.113920622780784810e-05
4.779166923181743089e-06
-2.621502539147741915e-05
1.507098351375428200e-05
6.355792492114760754e-06
-4.034721609707986163e-06
-6.215730799802313068e-06
-1.603216771871907549e-05
-3.755246323140766865e-05
-5.095288555055040621e-05
-4.773849512739635403e-05
-6.763383400730965970e-05
-8.215469367572666840e-05
-9.114311370081614166e-05
-9.606499335268020275e-05
-1.129695523365439153e-04
-1.387477444366941380e-04
-1.426875592617004652e-04
-1.610228679975889024e-04
-1.834054394042307031e-04
-1.895105884027691284e-04
-2.089008212555323657e-04
-2.265301222885142635e-04
-1.720073932265718639e-04
-2.542436132676706125e-04
-2.554991966843846683e-04
-2.610873639240172939e-04
-2.848867486206697235e-04
-3.041337826944017463e-04
-3.135508244025883551e-04
-3.302806658690064876e-04
-3.474291586967988765e-04
-3.505322798618645559e-04
-3.579936108266841815e-04
-1.714417921797159634e-04
3.374768753787694368e-04
-7.535806855101436635e-04
5.359485679219130145e-05
-4.543310948295115233e-04
-3.521211047769346857e-04
-2.659205226908878611e-04
-2.936854056521814599e-04
-2.736457496464550325e-04
1.711198444153448839e-05
1.230443338915389252e-04
-1.902346425205134737e-04
-1.910666670292964517e-04
-1.857897838325422003e-04
-1.584028669444669316e-04
-1.542111194081455532e-04
-1.502403007083032269e-04
-1.406289099756442981e-04
-1.169860272490119062e-04
-9.404233781657987700e-05
-7.743904974563618738e-05
-4.414241133552890977e-05
-4.694868455503064728e-05
-3.772512576763158826e-05
-1.998486260947441645e-06
2.511239095727323126e-05
3.971507637321466613e-05
8.754457797352917193e-05
7.825495856102233233e-05
1.008821379933998836e-04
1.452685088464455488e-04
1.700141814448882099e-04
1.705328134629322814e-04
1.915951455884666544e-04
2.288455282082982897e-04
2.238970339231589608e-04
2.523665877638298647e-04
2.927284382773606046e-04
3.217458824987775223e-04
3.254993634045919362e-04
2.681167061695017726e-04
3.613820498076035070e-04
4.150365372930734514e-04
4.362492212589643738e-04
4.471408447862876409e-04
4.613053169197625300e-04
4.786969859421911968e-04
4.989210242251713914e-04
5.214787532218745445e-04
5.420825656005923403e-04
5.590343722317981474e-04
5.709790154437034953e-04
6.011942412538033836e-04
6.324611956030471750e-04
6.466240053852735474e-04
6.515869902740428939e-04
6.713554866045847499e-04
6.911668053786997144e-04
7.109341974537243579e-04
7.455437062392068596e-04
7.610845467849925881e-04
7.607006397258773110e-04
7.683451183263251142e-04
7.919425808245815880e-04
8.227319888190625947e-04
7.067009984363639610e-04
2.901947458856165294e-04
-8.426973168605515763e-05
-6.793614341147369046e-05
-5.205919088719697672e-05
-3.055784038764128437e-05
-1.670344351177058229e-05
-6.322679393437617603e-06
1.193708230449538870e-05
1.372088644769502512e-05
1.926348789597148931e-05
3.600589353090926140e-05
4.967420209745944658e-05
4.988915429300202283e-05
5.508200569183307137e-05
5.958438206184405307e-05
5.397607634053483178e-05
-1.275714071770576573e-04
-9.338337822915247603e-04
-2.792361896643788012e-03
-1.748598710298142215e-03
-3.087948084671071017e-04
2.511566969516208650e-04
7.284717110547881411e-04
7.693331197403845741e-04
7.411444753278437127e-04
7.485466703118633059e-04
7.713414326537158458e-04
7.591300289224151400e-04
7.316873056155838006e-04
7.150285885867140208e-04
7.010414925242318060e-04
6.964255349036948791e-04
7.050935526614157157e-04
6.871784540284571778e-04
6.613329218913787094e-04
6.432853907342856977e-04
6.428715604571652066e-04
6.144732125264464571e-04
5.995457297075832510e-04
6.169204283786003558e-04
5.642992195155323645e-04
5.396899799320221264e-04
5.580920441168162613e-04
5.446161688279790945e-04
5.271034658161265684e-04
5.138107039998958837e-04
4.977289781649683106e-04
4.897320707566170297e-04
4.768392910929394185e-04
4.598139895525423350e-04
4.485097616320395933e-04
4.402234746034058410e-04
4.054955720250025264e-04
3.967256916466880634e-04
3.885399826572440152e-04
3.761257447314984154e-04
3.606086035845265983e-04
3.355020680179197478e-04
2.884907075242992098e-04
2.935743318597151688e-04
1.525168336857139978e-04
-3.539319202341339402e-04
-1.032900031995679659e-04
2.484018599044625049e-04
2.474684499064360365e-04
2.250790964462700693e-04
2.050810293317211581e-04
1.940369405484343533e-04
1.927169886683418589e-04
1.882742357292981083e-04
1.587975099314461536e-04
1.388261220380932696e-04
1.262168450725304663e-04
1.096627366726205368e-04
9.624953182347571290e-05
8.264719320942275483e-05
8.064071140011331109e-05
7.019276918933486074e-05
5.122054185149620858e-05
4.288193870861603139e-05
3.605062071918846688e-05
1.908780161285546933e-05
-3.645534720357342689e-06
-1.414578533743434644e-05
-1.981171967178303651e-06
-1.160317416819361609e-05
-3.946462544965461945e-05
-6.010873891743396863e-05
-7.480187653119562568e-05
-8.823122718106758060e-05
-9.694259823686998917e-05
-1.070690833558251729e-04
-1.182338967093570273e-04
-1.303247167827914542e-04
-1.394897738021049307e-04
-1.476599858354539778e-04
-1.508483363253910157e-04
-1.604483338557442036e-04
-1.599493527988804108e-04
-1.515935058497363901e-04
-1.633052372989732596e-04
-1.808889420960168735e-04
-2.043412986629559666e-04
-2.178867687140981072e-04
-2.296763062860849561e-04
-2.472430238757164717e-04
-2.532103111512333830e-04
-2.389489552958291526e-04
-2.595547983698552000e-04
-3.061051887226207396e-04
-2.750990349624082973e-04
-2.816029545173211321e-04
-2.840032937763851744e-04
-2.982721330933423703e-04
-2.886409758213728718e-04
-3.022138843095677533e-04
-2.854718056574590186e-04
-2.816176641692158381e-04
-2.714336724959091809e-04
-2.811412376220413984e-04
-2.441173772325589591e-04
-2.254821450082845078e-04
-2.243904337755120762e-04
-2.200872850377601003e-04
1.220372723024217650e-04
-1.594124515700817810e-04
-1.363910616922695408e-04
-1.058493703866146036e-04
-6.109667760784627023e-05
-3.423770530366983565e-05
-1.641140297065158738e-05
-2.718457280779823407e-04
-4.762485061332085573e-04
-4.747486069893432168e-04
-4.731488427660723731e-04
-4.780809781423104514e-04
-4.875825788807406735e-04
-4.927974302879596733e-04
-4.646345144278731941e-04
-4.710652765815843534e-04
-4.622941074163563840e-04
-4.592391448594552268e-04
-4.584371221255928029e-04
-4.541251242907352490e-04
-4.549258783257364817e-04
-3.927712344814164721e-04
-4.450399819349945161e-04
-4.459455456364450976e-04
-4.374251905902194629e-04
-4.300325724307260894e-04
-4.155787573804755534e-04
-4.151019004745885258e-04
-4.131078728251016507e-04
-4.073974991219666197e-04
-4.063519873212807754e-04
-3.974567085271049041e-04
-4.054172545775256570e-04
-3.764258767051741170e-04
-3.697628996239117030e-04
-3.716104311815434606e-04
-3.841233006187741179e-04
-3.596746240863849323e-04
-3.593521120673992628e-04
-3.448706805843859908e-04
2.951194027598202235e-04
-3.135254975726943548e-04
-3.455090140744809758e-04
-3.494447012197873922e-04
-3.529745909794099255e-04
-3.508519796114981538e-04
-3.474601192724555837e-04
-3.496058006586520196e-04
-3.477675249952296549e-04
-3.488594494083583210e-04
-3.540355072191266658e-04
-3.549576948507356892e-04
-3.623053365963845485e-04
-3.588238005199678358e-04
-3.654661968142096243e-04
-3.839620257607176228e-04
-4.030441489261471564e-04
-3.854391951744456229e-04
-4.042821579127859320e-04
-4.067666537111708897e-04
-4.048850826916708498e-04
-4.279594092560101573e-04
-4.398825159367613052e-04
-4.449419707707738471e-04
-4.622105038342836552e-04
-4.973903214384097502e-04
-6.201960217871588243e-04
-6.578704344467750653e-04
-6.659350698461235542e-04
-6.747802033222774585e-04
-7.053570685240857004e-04
-7.056975470572778714e-04
-7.244690068158668190e-04
-7.423222688309890575e-04
-7.932467828319765980e-04
-1.099575158497416568e-03
-3.890271817106323408e-04
-2.287160734683011960e-04
-1.068696244400670059e-04
-1.141513796685560735e-04
-1.081771927944368190e-04
-1.182203447702381729e-04
-1.343404900961149139e-04
-1.377992954522858191e-04
-1.664063731108471691e-04
-1.659584319970686637e-04
-1.592788979128571879e-04
-1.763740228871251130e-04
-1.966078382861957317e-04
-1.960460963141017810e-04
-2.061987397296721498e-04
-2.214220840003159891e-04
-1.968576991623306131e-04
-2.020443707789894804e-04
-2.174048019675232403e-04
-2.176773748378776929e-04
-2.135901463323560290e-04
-2.195685778244473160e-04
-2.246987222941844334e-04
-2.220467388674068410e-04
-2.087454872459669703e-04
-2.327520089885488344e-04
-2.171026779220154763e-04
-2.225895937043858176e-04
-2.204026778777408327e-04
-2.292859189107906916e-04
-2.306196054980804897e-04
-2.201538428464508131e-04
-1.724190491363864646e-04
-2.077901524749965105e-04
-2.107202412092954997e-04
-1.922795503399233794e-04
-2.117992418303723059e-04
-1.775038686421640552e-04
-1.512940742704255897e-04
-1.701029371319489919e-04
-1.451890475021879422e-04
-1.431518300926462573e-04
-1.181570291915928555e-04
-1.215917582998346356e-04
-1.133058866630129902e-04
-9.548204304148261449e-05
-8.814208132988532863e-05
-6.832612493931685001e-05
-7.274643164211435590e-05
-1.233969615034967307e-04
-3.999410713733749819e-05
-2.391221455040884247e-05
-8.291882519940768810e-05
-1.685954020618039427e-04
-1.752390052847742938e-04
2.972452385160237424e-05
-1.637136142746060984e-04
-1.659266855006515193e-04
-1.620981491391740520e-04
-1.690004248760644133e-04
-1.590871118812312523e-04
-1.500869479841866326e-04
-1.884271242125218500e-04
-1.764527849259200074e-04
-1.794478373876907690e-04
-1.779431629630821973e-04
-1.740462802785233925e-04
-1.814154100827207483e-04
-1.754195007037796621e-04
-1.837190720696785066e-04
-1.866334701448880409e-04
-1.886117157837687236e-04
-2.003902849771905517e-04
-1.946395369141335190e-04
-1.933338629306646285e-04
-2.183014353196198248e-04
-2.242299434233274670e-04
-2.280146728343693718e-04
-2.350623566830445572e-04
-2.587353869129990986e-04
-2.488972668154543731e-04
-2.661744471741466053e-04
-2.848906703199546994e-04
-2.760872031659413741e-04
-4.103278449340022572e-04
-3.079878723744603397e-04
-3.166833639712206792e-04
-3.376428420600907404e-04
-3.305504773595711811e-04
-3.498462958293657352e-04
-3.732073514310493205e-04
-3.722024262357344500e-04
-3.918403953177397136e-04
-3.975720254305594673e-04
-4.072739325086941658e-04
-4.070547725055187103e-04
-1.597020119428819692e-04
-8.700023579920545213e-05
-7.766571312606428590e-05
-7.816920411971849960e-05
-6.824378763736337495e-05
-6.731057877248423460e-05
-7.028266489680310434e-05
-6.603516060904235569e-05
-6.973355734959856629e-05
-6.545254050943687335e-05
-4.304418719015445287e-05
-3.693146300945186701e-05
-4.046064801120291348e-05
-5.057259218484920867e-05
-3.889636703293816928e-05
-4.663681310758370377e-05
-3.360042631491046020e-05
-2.126444963582814477e-05
-1.433552773690662514e-05
-1.932937160155919311e-05
-1.105461385106159662e-05
-2.757827573899848049e-06
-1.045596626463798855e-05
-4.382373029432070721e-06
1.292269268082308953e-05
4.682119764063095211e-06
1.070987154867565221e-05
1.399810864027758442e-05
1.236951564009650150e-05
1.172640974592986955e-05
9.348092953674936681e-06
2.795592547963489616e-05
3.699193771403354341e-05
2.778825877181906903e-05
1.068767849421844095e-04
4.380775343590438030e-05
4.011334334896771338e-05
3.466489526077626428e-05
3.577128272786729541e-05
2.205185724397263497e-05
2.617050625375664364e-05
3.274969704931213145e-05
4.351734824767879893e-05
4.284453075918208647e-05
4.817556092132729525e-05
3.454457199853260484e-05
3.783131716448474998e-05
3.263475108922141653e-05
1.386284588991904767e-06
-6.238582647818293248e-06
-1.890691991218396921e-05
-2.363655833442327320e-05
-3.304204473337505785e-05
-3.886894208168167550e-05
-2.836602891007346488e-05
-2.194697976773684760e-05
-3.033116218694836526e-05
-2.821093244144082116e-05
-4.366160108955190606e-05
-1.541314881641148767e-05
-3.926906043839988307e-05
-2.902926513138696772e-05
-3.440110830578782530e-05
-5.026656381686938192e-05
-4.595166603418809578e-05
-5.164522909945744056e-05
-4.649584698138396223e-05
-4.773666931889539741e-05
-5.859407833279518102e-05
-8.361255816067045916e-05
-1.064918460568022344e-04
-5.609099406598115514e-05
-6.194701783526606871e-05
-6.855582917909751827e-05
-8.693251700106611774e-05
-7.821786928917487695e-05
-8.068088299710610394e-05
-8.502974658885480033e-05
-8.700662839242960349e-05
-9.538331832703323548e-05
-9.352246959524509854e-05
-1.077343834739934674e-04
-1.150144644894244558e-04
-1.099305917217647665e-04
-1.083324249181969205e-04
-1.161024542603223992e-04
-1.209655739567009648e-04
-1.240606309505781356e-04
-1.304164604084619584e-04
-1.379776820856826506e-04
-1.389463549725070439e-04
-1.580652326892982074e-04
-1.479810948830898748e-04
-1.421076483745130825e-04
-1.591855056359445470e-04
-1.617934436305786439e-04
2.186436924263798244e-04
5.699169205520965829e-05
5.577907315358255247e-05
4.572243594316414988e-05
6.689694557493233696e-05
6.787275198906894539e-05
6.795397041766048577e-05
5.941246182655952472e-05
6.745410133251257979e-05
7.188691971070823561e-05
8.630239232023322700e-05
7.723413835000923701e-05
8.546246901091078616e-05
6.728871246098472314e-05
6.603498232688416784e-05
7.191395641513671831e-05
7.785184684699697011e-05
6.316428332322435862e-05
7.880851243338026944e-05
7.213993691252979911e-05
8.973144224886772029e-05
9.225370388734207519e-05
8.219790029764524435e-05
1.078073873669600617e-04
6.719922130838867978e-05
7.368901655513705458e-05
4.659135485613567491e-05
7.523754838430294495e-05
5.425948339840849734e-05
3.958390855816831951e-05
3.042758151638116242e-05
1.840232519911995639e-05
3.232084898391219277e-05
2.264925430320110941e-05
1.954066719502580789e-06
3.004569330961432371e-05
9.452854054991746978e-06
1.586482556669152947e-05
2.533837143814538558e-03
7.684498479843380499e-06
8.694189920081697579e-06
2.771632233793644670e-06
2.722986917324002271e-06
-2.817898656047905585e-06
-1.631476766726392083e-05
-1.830790097086661085e-05
-2.458459536291765767e-05
-2.538246154354960370e-05
-3.321391682346842394e-05
-1.985714084385271742e-05
-1.302241971000517258e-05
-3.460465938846944060e-05
-4.553280878795388392e-05
-4.572082635292986611e-05
-6.531511763009639890e-05
-6.041274209175525060e-05
-7.474269714407593052e-05
-7.468272400481482803e-05
-7.749698595990169936e-05
1.016905809732135586e-04
1.041791552969600584e-04
8.078737370542692564e-05
8.311167978924996729e-05
9.476359023700362807e-05
1.014098622757147154e-04
9.342194826793693684e-05
8.801436721202736142e-05
8.381376854461530996e-05
5.017349597435724205e-05
9.787657163713779467e-05
9.806960980353119685e-05
8.576622584201179077e-05
8.777122296596803265e-05
9.630549265916984146e-05
1.007769432469922036e-04
8.863548537896986674e-05
9.156946179047980119e-05
1.055903790561669992e-04
9.333140722514676963e-05
8.087862801827835272e-05
7.638400412671424861e-05
7.709162677923839875e-05
7.553596129225814389e-05
8.138068657071508569e-05
9.518906598572153858e-05
8.971469142294750346e-05
8.046279787076465891e-05
8.482287744983481835e-05
8.946657422700391891e-05
8.040924492740512150e-05
7.892563991461215166e-05
7.377422627184243792e-05
4.438733338124344920e-05
4.925466894287357364e-05
4.042093484593624038e-05
5.064975024127793204e-05
4.508010900009178470e-05
4.279609722407669140e-05
4.343671842254165350e-05
4.374073885758807226e-05
4.767114636077896331e-05
3.788048579978283033e-05
-1.264403963701075148e-05
-1.712269803388473356e-04
3.475820992604409924e-05
3.111223704682845154e-05
1.440138536971373332e-05
2.175784914370237617e-05
1.257157750972823286e-05
4.871411334812837690e-06
3.508761220548769260e-07
1.458811527993711933e-05
2.287383201981992584e-05
6.016699328976928442e-06
1.693379870864187008e-05
-1.043496723178237667e-06
-1.175424351701871036e-05
2.836596345854666678e-06
-1.498891801027542089e-06
-1.428946846917623200e-05
-9.034275228261753063e-06
-5.689614029779722291e-06
-1.971045772792692432e-05
-1.183633584701996815e-06
-7.266286992049792440e-06
-2.649693968903673225e-05
-1.210312524519565804e-05
4.770633868758173752e-05
1.265594924489651702e-04
1.140543116281435537e-04
1.164122679084335116e-04
1.225090103896118890e-04
1.279474227493706119e-04
1.247641997275284343e-04
1.192989015125885610e-04
1.159732956153015611e-04
1.109114165822812261e-04
1.116711855139471761e-04
1.190728189154401128e-04
1.217646486056744946e-04
1.141830823579916433e-04
9.608253979446608971e-05
1.154735553837800866e-04
1.165516461494172181e-04
1.113780136486835457e-04
1.061277054160967334e-04
1.038196926123681506e-04
1.037012327502980272e-04
1.009846215498801211e-04
1.226425746523522424e-04
1.263548556520621875e-04
1.043246690606548734e-04
1.111969064871065529e-04
9.182943383637543876e-05
9.283430218073959077e-05
8.738004087753972282e-05
1.003207981852621632e-04
8.995521972820099516e-05
1.010035422202687743e-04
1.012494895539103553e-04
8.375336645693052455e-05
8.122774255788509437e-05
6.912057303239815950e-05
6.706782464421841695e-05
6.456861062397580367e-05
7.388236443713197001e-05
5.526647989713718841e-05
5.696821186959322722e-05
5.514201815926577293e-05
4.978989086416562020e-05
-4.433964411460672753e-05
4.863899054649036251e-05
4.061905042369074760e-05
3.594903686105914474e-05
4.633690118370742232e-05
2.392730454759977481e-05
2.759300060823381202e-05
2.408531992764481865e-05
6.254336538523578773e-06
2.416053194443121431e-05
1.003196211621063970e-04
1.467885910647630699e-04
-7.196788978058694876e-05
3.626831705294126634e-05
1.337930925304851165e-04
1.293620187376197449e-04
1.377372781820126622e-04
1.601285793779342150e-05
1.247570633629017836e-04
1.416542013678145494e-04
1.355122669561860383e-04
1.276270281381912159e-04
1.301891271491637393e-04
9.373995158285490384e-05
1.270050411990269589e-04
1.175806198813409960e-04
1.153095424302387229e-04
1.110474570712547960e-04
1.092392239688287690e-04
1.051921987117442352e-04
1.165028477347275666e-04
1.135492860913425717e-04
1.037882858278299947e-04
1.053147186074749730e-04
1.057993019829647655e-04
1.013796315365993216e-04
8.971547677329029904e-05
9.548636855843075006e-05
8.804771824146863900e-05
9.692486999302463851e-05
9.494382592256384989e-05
8.880841018642701419e-05
6.758722060608740893e-05
8.830264810009153388e-05
7.694380337489374838e-05
8.594283145296874229e-05
7.661223077300741103e-05
8.602551790657875165e-05
6.057148162276398203e-05
6.520789341651081700e-05
-2.524711593776709142e-05
8.988155216034862801e-05
6.046937619648977858e-05
9.818135240211028772e-05
1.644777906119535135e-04
1.656489599154241767e-04
1.672686036567234968e-04
1.603671920023111224e-04
1.777585316440253270e-04
1.748832898211767953e-04
1.579803631934409002e-04
1.598679038259177062e-04
1.730961460416165958e-04
1.711035836235290397e-04
1.523420522196976138e-04
1.709021762208584464e-04
1.585469914269479672e-04
1.483808870674396710e-04
1.405300249019060966e-04
1.551821898549742094e-04
1.567059026266342820e-04
1.579693538533747613e-04
1.609616407546015239e-04
1.447669007602411383e-04
1.457954881094614553e-04
1.402274910510705581e-04
1.486483840108675149e-04
1.485018461002267668e-04
1.310200489899696627e-04
1.438225129742195726e-04
1.317681013064993115e-04
1.336030579286719654e-04
1.190564627511017941e-04
2.254353235637133513e-04
1.181002037320329640e-04
1.243262566311928473e-04
1.245141801100810861e-04
2.084107854749331075e-04
2.076963649457258727e-04
2.202319347593024730e-04
1.971539947259784951e-04
2.031707169050128606e-04
2.091640903482749414e-04
2.001644864570336073e-04
1.626346751187461603e-04
1.634590615081285005e-04
1.841582764500744151e-04
1.877969190756397064e-04
1.793420681962066079e-04
2.779831780104423085e-04
1.837215238758471063e-04
1.849832311874152952e-04
1.147551835322227259e-04
-3.809302100758134345e-04
1.734845220543202999e-04
1.744759422565827080e-04
2.407939745234974316e-04
2.335370071992894201e-04
2.363986148221995491e-04
2.362825608588868791e-04
2.467948347399168325e-04
2.225531930535174896e-04
2.406340664010248292e-04
2.350413679185213206e-04
2.308675826274445779e-04
2.666696620679179903e-04
7.233027046576461926e-05
7.726927860170912116e-05
3.692330076447152037e-05
6.813005521897819356e-05
6.130574089709456731e-05
4.562625212007224225e-05
5.647921181766164919e-05
9.019155795747510799e-05
-5.938994893980457978e-05
7.306320498929951652e-05
9.149451762894799376e-05
9.746017560349625418e-05
6.951634640431223399e-05
7.594321886170491060e-05
4.234050355104021165e-05
4.719834715294963406e-05
6.684077809714550258e-05
5.579528119861916231e-05
6.639926964779099263e-05
4.642858649199029149e-05
5.913638040460394616e-05
5.412342290976156906e-05
4.077976323599844704e-05
1.287580774784516358e-04
8.004314387114711167e-05
7.668357057480398148e-05
6.660511884782358092e-05
8.104336603973711175e-05
-3.813776369394759631e-03
5.923772586986196791e-05
4.449356995504494093e-05
6.268952468320603054e-05
4.970716911216495592e-05
5.551398851589366113e-05
6.578546859640441733e-05
5.002619003196172255e-05
3.329869261716566608e-05
8.108496645035625150e-05
5.682966154665680452e-05
5.709535156748609601e-05
5.129916826976446676e-05
4.812685327531319209e-05
5.985030670270426742e-05
5.875074731151546357e-05
6.016588740811144864e-05
7.040835979787501357e-05
4.158157920326424227e-05
7.381949559212962349e-05
4.834141892213286728e-05
4.201360166427306952e-05
2.661761643282078955e-05
4.432486069731833935e-05
5.557873514531396316e-05
6.790768310870774142e-05
7.475471217365520899e-05
6.113468381757451980e-05
6.049723960793371418e-05
5.447742539237792594e-05
4.776935996812656455e-05
4.616341662274923746e-05
5.312249210332814297e-05
5.653378903604273654e-05
5.468674620688081635e-05
8.273777777839998475e-05
2.242409083253934902e-06
6.238414671090543231e-05
5.578574100185682737e-05
6.152335533702003531e-05
5.423134366638765491e-05
7.138697524616450271e-05
5.367851844615127466e-05
-2.677264319972113570e-05
5.541871218787845153e-05
5.805751293289478370e-05
5.083292106778629501e-05
5.882427774406971839e-05
4.175144837963386442e-05
4.004218268645538033e-05
6.347783142208672481e-05
6.691399684914499249e-05
6.689441115430516888e-05
5.889356741007685709e-05
6.821638211186044874e-05
5.507334252851217896e-05
5.352338702970550744e-05
5.606230190496934657e-05
4.595652389775970652e-05
5.712775002520936951e-05
4.865444404450563174e-05
-5.564812150950916407e-04
1.159310794304929974e-04
7.317031457138898991e-05
6.141629903246012610e-05
5.765715975552347379e-05
5.160222830292903666e-05
5.880957972979877898e-05
6.469169572752311273e-05
-1.243472004620260415e-04
4.657499251478860905e-05
1.746526849321413866e-05
6.093103338486368379e-05
6.340275681258845594e-05
6.917892603001507372e-05
7.863914709442269206e-05
5.816654075541876723e-05
6.976407740637862083e-05
6.599074101098706467e-05
6.326751406633063029e-05
5.829783015129518680e-05
6.004373986263909812e-05
5.820592202380676700e-05
6.312708066263413150e-05
6.529108507275744135e-05
6.260488993860028272e-05
7.733790439177034410e-05
7.242913788383562284e-05
8.590644580225229173e-05
7.152158968941023918e-05
6.436673130214493933e-05
7.897688527868141381e-05
7.915613810851424795e-05
6.874331979352029396e-05
7.116631160830865768e-05
8.211347839873011333e-05
7.489906453240618165e-05
8.132570090159293432e-05
7.115908494387444502e-05
7.939487785594778421e-05
7.257071788518526219e-05
7.243910094871766256e-05
7.078665234631338437e-05
6.934086820409109575e-05
6.573445497938163492e-05
7.326366603314300491e-05
7.071454775939528363e-05
8.571871912214381294e-05
7.339133509467790618e-05
7.897755316098151082e-05
8.603786743985109887e-05
1.029421926474249134e-04
7.463471749277435837e-05
8.586143212698441995e-05
8.440780393676529684e-05
8.691261241150383013e-05
8.107130979592586128e-05
9.862835424748173617e-05
9.468092693383866709e-05
9.069066101789658872e-05
9.317934601651357471e-05
6.881034100021405503e-05
-8.825306953699895850e-06
-1.395650509772352737e-05
-2.120875558196332362e-05
-9.988996697232552658e-06
-2.354602207408154364e-05
-1.103329790603652546e-05
-2.097148789221736209e-03
-1.630077283407403596e-05
1.379522045120080195e-04
1.446430297675323695e-04
4.336414832511736601e-05
1.391019179188852245e-04
1.413370823748700059e-04
1.355662323559237228e-04
1.310836573974508395e-04
1.365444470907897637e-04
1.220257317004812627e-04
1.195926067793259519e-04
1.206834137733277040e-04
1.302343827338393455e-04
1.144878398258212756e-04
1.158885920349443969e-04
1.354520973497444123e-04
1.258022404278630020e-04
1.193505640942910134e-04
1.336497751442992867e-04
1.237575322166286794e-04
1.240585069962316968e-04
1.244297271934754231e-04
1.380240694569350953e-04
1.316258828635939867e-04
1.241936267909375473e-04
1.217559307265001314e-04
1.150146321932894787e-04
1.268722989383972441e-04
1.358638228581147728e-04
1.138676035806773540e-04
1.221131747820660730e-04
1.282174819264220774e-04
1.339985091668425589e-04
1.127494734626053989e-04
1.320076502426391232e-04
1.130891731810788534e-04
1.279600638969343080e-04
1.075311646211361512e-04
1.275018056814596155e-04
1.233358729469686416e-04
1.851943954769717164e-04
1.160550048280495128e-04
1.194077082922313072e-04
1.262965902229445459e-04
1.186134677985652901e-04
1.101593464840456107e-04
1.211004358639852470e-04
1.192104796172595554e-04
1.066977811606509605e-04
1.246340352426401454e-04
1.134384757917217160e-04
1.153076568911699166e-04
1.135549659557930996e-04
1.169032710536133265e-04
1.131196227078056746e-04
1.121820885236987923e-04
1.110708348195317460e-04
1.006071069130838488e-04
1.093769475533907902e-04
1.065591153989570535e-04
1.183837677682206307e-04
9.549777845788509178e-05
1.216022871609351459e-04
1.011273107169177266e-04
1.102686687809897436e-04
8.848516526807848276e-05
1.082670566877905010e-04
1.103782168452263651e-04
1.046895866942193162e-04
8.465041019683236349e-05
1.136877927829564269e-04
1.081744697499046086e-04
1.033318951570781456e-04
1.113217342965714101e-04
1.162344395076725238e-04
1.113761311067398027e-04
1.043774456050682595e-04
1.098678377563389746e-04
1.116175745750574262e-04
9.711321307178137283e-05
1.117159616058077139e-04
9.854594884888833481e-05
9.277087476248225260e-05
1.049654158474456122e-04
9.470127214705064984e-05
1.034208226502801814e-04
9.520602672287529220e-05
9.466103746344836645e-05
9.717957308859162307e-05
1.005282240794448158e-04
1.006863540823909622e-04
1.054847106768782758e-04
9.098650868002790856e-05
1.082799548146794134e-04
9.092330905552720621e-05
9.861521606775016182e-05
1.124112257784669181e-04
9.066696375944409240e-05
1.011149407700886701e-04
8.612040913204190712e-05
9.383676278274517119e-05
9.764756365006945762e-05
1.479491810811434636e-04
9.315216900603604574e-05
8.869169975190863381e-05
9.132129060513682613e-05
8.979602157566145618e-05
8.813073973163752860e-05
9.012161121378921649e-05
1.005283506188287131e-04
9.672403811703996488e-05
9.830348660666020952e-05
9.894561716728092634e-05
8.943134390577430577e-05
8.619018458147091654e-05
9.084984999146670777e-05
8.890427583445900759e-05
7.802790698679391401e-05
8.321626177871103741e-05
8.329098110089282582e-05
8.879372015498691536e-05
8.285602998804819869e-05
8.798313539085289472e-05
7.762895374037473103e-05
7.742312183577808662e-05
8.438480618295257272e-05
7.797185516165174013e-05
8.085302645165578670e-05
7.998559959354838275e-05
8.587647565455258582e-05
8.250794074124385763e-05
6.464866671266453657e-05
8.553327314521182102e-05
7.741429287388707642e-05
8.396446694278953998e-05
7.751086350416989609e-05
9.444272179872666541e-05
9.219534773079545950e-05
7.800993857283053075e-05
7.650449225987245657e-05
6.010488470699338042e-05
7.092901097232128904e-05
8.244664753795922347e-05
7.143921215512310488e-05
8.713755946244760393e-05
6.958325906889636860e-05
7.565329539949684442e-05
6.259289578791281362e-05
7.390275701253860396e-05
7.209580595416201741e-05
6.409066958634396303e-05
6.545158909189182468e-05
6.931274276931520051e-05
7.962892168126378494e-05
6.866380591135891808e-05
8.945273031432939372e-05
6.445910801603497347e-05
6.693290033322029232e-05
7.204744322469169978e-05
6.374866790414953569e-05
7.359118032466757252e-05
6.674397354778670625e-05
7.083346400397039601e-05
7.586863163853513553e-05
6.443196752939351051e-05
5.854130275524071201e-05
5.305246003274970688e-05
6.550365369022082202e-05
7.320857578219220989e-05
6.035208627033274311e-05
6.124594012182096826e-05
6.992398021218519763e-05
5.617366596388785572e-05
6.180180553827245202e-05
5.245757291575857894e-05
5.335304221330887343e-05
5.258022056667648329e-05
4.576133387473123163e-05
5.098204607365497637e-05
3.644433408926823212e-05
4.341129752276484265e-05
4.990234277461833858e-05
6.202088578465998216e-05
5.781323392669117920e-05
6.643377195614502250e-05
5.268568550250537412e-05
5.701741042430330758e-05
5.607309254447530094e-05
4.072615958995105248e-05
4.952862923528441913e-05
4.879057570700160102e-05
3.972269909170407856e-05
4.584929861273948982e-05
4.311952087942744530e-05
4.553801208867680375e-05
4.263163600430753392e-05
4.609658553256381448e-05
4.925806287406701812e-05
3.798192890419904461e-05
3.684678488416272176e-05
4.801004055026927451e-05
4.170462698791011001e-05
4.182360142285513732e-05
5.033254400882063520e-05
3.708935753686974982e-05
4.910670330553753378e-05
3.839529471296593277e-05
4.573144779390392626e-05
4.841584817324449182e-05
2.424529822810406616e-05
3.344217436046570456e-05
3.362580486856511103e-05
4.020883106847179730e-05
2.252044528057287582e-05
4.169877186144550622e-05
3.084195921102704578e-05
4.330322293234642678e-05
3.092250369792157454e-05
2.869250749090275162e-05
3.847849158736325707e-05
3.784948741071464992e-05
3.406098559235434174e-05
2.616686122398396660e-05
3.465798061710894827e-05
3.232839564592890770e-05
2.112186313849676202e-05
1.811319851415496465e-05
3.596598248625104558e-05
3.418498940482863176e-05
3.311636361411924169e-05
3.237581595366937780e-05
3.383735859534148520e-05
2.200104995965165844e-05
3.106531916677420841e-05
2.825697081177857059e-05
1.076220731927935489e-05
3.473267161127534074e-05
2.400554426641256966e-05
8.224659330542255102e-06
1.726241317910677840e-05
2.207585690861986190e-05
1.508224374263386340e-05
1.570056666336940119e-05
2.128614414852207708e-05
2.399264597786415304e-05
1.537536551335324148e-05
3.480143755484349391e-05
1.758361534866688584e-05
2.186931445840158226e-05
1.972080925729754759e-05
1.700784624854261023e-05
2.885668353222805449e-05
5.946282843448495319e-06
1.895624813255694744e-05
1.325959943064687643e-05
1.419247535954903166e-05
1.179297043384656729e-05
1.099718019006707385e-05
7.342750355353531899e-06
1.525330045893595097e-05
4.884805264101025457e-06
2.050266717861118040e-05
3.831585821344922829e-06
1.058799024514111503e-06
-4.279878238629333126e-06
1.545340790265233840e-05
8.508804842617025545e-06
7.973456931568597675e-06
1.411443690439229733e-05
6.700073947323754692e-06
1.094174678756962096e-06
-6.189256260270161497e-06
-4.597709719483374003e-06
4.745498114272149427e-06
5.430293844232575372e-06
-4.894147089559347844e-06
5.924118344129810558e-06
4.293274456173671956e-06
3.370758540034969689e-07
-3.582498147177047415e-06
9.877735703510385542e-07
-8.385830158616245858e-06
-4.525801898443984009e-06
-1.341465670805320950e-05
-1.053582341980433606e-05
3.999986855910585081e-06
-1.462445740965800939e-05
-1.225271625192936984e-05
-1.187537662940296880e-05
-9.969733987582202341e-06
-1.668390628205674122e-05
-4.957480781509659751e-06
-1.630979193500315961e-05
-1.747188368296542470e-05
-2.364897031927239444e-05
-2.029486146569458538e-05
-2.622002240434381497e-05
-2.838459091431366727e-05
-7.229131363156620954e-06
-1.512246493689246136e-05
-1.744034683573622354e-05
-3.131128845221262179e-05
-2.469833471526350788e-05
-2.164306817820145653e-05
-2.326805908408944950e-05
-2.174016984649535325e-05
-2.905902330546697275e-05
-2.955589998406221049e-05
-2.618175142524299095e-05
-2.483128216541878342e-05
-2.117664861555000442e-05
-2.237906110378146899e-05
-2.466322315845615855e-05
-4.573185277677032122e-05
-3.414599330348966431e-05
-2.373805185262436242e-05
-3.675266636656998609e-05
-3.315548723456098959e-05
-2.319262212619775052e-05
-2.057863987551563948e-05
-3.138122896755914939e-05
-3.740747393990958479e-05
-3.895336775373905302e-05
-3.180817038802354621e-05
-3.477394946773379231e-05
-4.526800482714612327e-05
-3.793696063512222764e-05
-3.170744779845071791e-05
-5.912249041706064040e-05
-3.550546843897247349e-05
-3.988678392577707299e-05
-3.109930572739757592e-05
-4.167601965015371566e-05
-4.659518403139151563e-05
-4.613279302236458432e-05
-4.477634566382341719e-05
-4.857423363632667470e-05
-5.342196138693309127e-05
-5.224455900476512177e-05
-3.940458057241274039e-05
-3.377384937182308197e-05
-3.917520647765239606e-05
-5.309531938153732255e-05
-5.683721937735947030e-05
-5.567355054772968619e-05
-4.520859551767210626e-05
-4.964527146381003881e-05
-4.772585160294267936e-05
-5.196688553350218166e-05
-4.815883642561988233e-05
-6.295815262337834794e-05
-6.185515761518791972e-05
-5.732153479972599077e-05
-5.516359795558999757e-05
-5.230745584713088843e-05
-5.154771623849960726e-05
-6.385456985196943361e-05
-5.987206302702153453e-05
-5.635836006226607254e-05
-5.630892843325803910e-05
-5.752174179646586704e-05
-5.902498897669785402e-05
-6.491430831814081609e-05
-6.460672606487153995e-05
-6.969357496943793108e-05
-6.976284374111542765e-05
-7.511492624237943927e-05
-6.511733666222075897e-05
-6.923215279688152879e-05
-7.282185378797446907e-05
-7.195429476076509471e-05
-7.770938950589216412e-05
-7.538089836170040530e-05
-7.585396541609159974e-05
-7.708426974117259071e-05
-6.858342939618542822e-05
-7.762841652357503988e-05
-7.520957952533123818e-05
-6.384633999008843550e-05
-7.914494403747618888e-05
-9.385170286361762886e-05
-8.201050427957055737e-05
-8.794556230632506397e-05
-8.566354379992748838e-05
-7.294131015494508051e-05
-8.519507257784313592e-05
-8.968398426563709469e-05
-9.527157686548401374e-05
-8.785380570840438689e-05
-9.138042300178145227e-05
-8.153734946478168619e-05
-1.069078912511712106e-04
-8.821802477149774777e-05
-9.476758247656003617e-05
-9.268602908094660800e-05
-8.058980638308825702e-05
-9.155329481196067395e-05
-9.355975834427645676e-05
-9.199729651813623715e-05
-8.645021079682930630e-05
-8.634119579113585965e-05
-9.094125442570268297e-05
-8.790315115899088438e-05
-9.025133280519677219e-05
-8.934583237920067393e-05
-9.301140335689366987e-05
-1.002525899833971808e-04
-9.057708443518537578e-05
-1.007517197197174425e-04
-9.830737000227863175e-05
-1.060259370895725672e-04
-1.024192186388624365e-04
-9.715300884456998373e-05
-1.029026669972841308e-04
-1.085977880439334300e-04
-1.107651947110134132e-04
-1.142556330685386547e-04
-9.915198803469018273e-05
-1.159800599848803552e-04
-9.868429884633369881e-05
-9.954893292783814802e-05
-1.072908679027720548e-04
-1.096771305496785712e-04
-1.109767890765454943e-04
-1.078868647140772419e-04
-1.142688973882885679e-04
-1.128402362839659280e-04
-1.013925727203743749e-04
-9.778386456482912039e-05
-1.286617252946680140e-04
-1.088870949217557340e-04
-1.097880550903045376e-04
-1.084737681120796678e-04
-1.146592335112572880e-04
-1.255892651364633010e-04
-1.227916144342121384e-04
-1.165425404681791864e-04
-1.071268012501184092e-04
-1.304781975721202377e-04
-1.286859752704829353e-04
-1.303866537930440848e-04
-1.117191159311724502e-04
-1.144487423759615527e-04
-1.256915771610374007e-04
-1.285261015182799027e-04
-1.343670283624286534e-04
-1.063716631003378921e-04
-1.163139073689929801e-04
-1.306134090200629545e-04
-1.347080782900883186e-04
-1.361500951067734521e-04
-1.296856157921695779e-04
-1.277942219337310802e-04
-1.257182283106873908e-04
-1.438264139956043470e-04
-1.332166356111743905e-04
-1.290368951532455438e-04
-1.395394561997308984e-04
-1.234542582954162521e-04
-1.350546653419385109e-04
-1.277999554911203074e-04
-1.432615260338158947e-04
-1.346527486039642973e-04
-1.396195461877892301e-04
-1.444195379087402967e-04
-1.469160307217696386e-04
-1.279227169079351291e-04
-1.453954442745776976e-04
-1.480633423335369334e-04
-1.397179193774143453e-04
-1.487693977821165294e-04
-1.472242582626911251e-04
-1.341923568858073026e-04
-1.444323113317595828e-04
-1.337432330319284130e-04
-1.298518342762887596e-04
-1.450145714246079396e-04
-1.560167071859388285e-04
-1.466728438613468287e-04
-1.483915776558740311e-04
-1.382134932551329050e-04
-1.537526773709990279e-04
-1.457159770047165598e-04
-1.675454614974120722e-04
-1.450160551988396215e-04
-1.577128060064015517e-04
-1.408201913447908117e-04
-1.598422964643751222e-04
-1.537328305995850535e-04
-1.616233847084589444e-04
-1.560399680025898567e-04
-1.436901418330917410e-04
-1.526779830970158920e-04
-1.610845420122345242e-04
-1.636841482938213282e-04
-1.584965706780726638e-04
-1.601625364606959500e-04
-1.600622728814584913e-04
-1.532458622872866455e-04
-1.486463241886452750e-04
-1.452027989643621549e-04
-1.465032111864897129e-04
-1.576314057261067733e-04
-1.577505125599291372e-04
-1.657602656055074623e-04
-1.595558312577457691e-04
-1.586920040961850250e-04
-1.605140649756328945e-04
-1.756817407811433096e-04
-1.710624991624975057e-04
-1.573315330542523517e-04
-1.593517402264216210e-04
-1.612503248626173734e-04
-1.607404410230017376e-04
-1.609673420520834133e-04
-1.689922320103986022e-04
-1.677170133691830193e-04
-1.853398410344681653e-04
-1.651468247019689003e-04
-1.695691439141448179e-04
-1.573413586658441187e-04
-1.631352128140419583e-04
-1.766067201988181677e-04
-1.747569261359302939e-04
-1.703835339377363079e-04
-1.792517714860260595e-04
-1.733568162037314991e-04
-1.662863570520716383e-04
-1.705281404800918377e-04
-1.760976448558030922e-04
-1.755061135234829012e-04
-1.802883623503715154e-04
-1.814662354797697170e-04
-1.744798927528660526e-04
-1.754779817687596600e-04
-1.541879494145857060e-04
-1.782860400284154174e-04
-1.746675865869373756e-04
-1.841777567307004496e-04
-1.656308741559738419e-04
-1.653891689105086251e-04
-1.798168843469839762e-04
-1.667760109669811654e-04
-1.730730348227067718e-04
-1.728934443560236288e-04
-1.730475799942761698e-04
-1.832456952286551474e-04
-1.695908839042073219e-04
-1.740487755903775101e-04
-1.862199844518832941e-04
-1.726306097431978869e-04
-1.739677928116924047e-04
-1.813605208245446096e-04
-1.787625575062341105e-04
