9.231499999999999773e+02
9.262259999999999991e+02
9.307480000000000473e+02
9.378039999999999736e+02
9.497430000000000518e+02
9.725370000000000346e+02
1.025720000000000027e+03
1.084940000000000055e+03
1.215130000000000109e+03
1.215670000000000073e+03
1.486500000000000000e+03
1.548190000000000055e+03
1.550779999999999973e+03
1.640430000000000064e+03
1.660809999999999945e+03
1.666000000000000000e+03
1.814559999999999945e+03
1.854720000000000027e+03
1.862789999999999964e+03
1.906680000000000064e+03
1.908730000000000018e+03
2.141706000000000131e+03
2.321699000000000069e+03
2.324248999999999796e+03
2.325440000000000055e+03
2.327679999999999836e+03
2.328869999999999891e+03
2.424773999999999887e+03
2.471786000000000058e+03
2.661184000000000196e+03
2.669985999999999876e+03
2.796398999999999887e+03
2.803579999999999927e+03
2.854543999999999869e+03
3.110130999999999858e+03
3.343193999999999960e+03
3.427065999999999804e+03
3.722746999999999844e+03
3.727117999999999938e+03
3.730119000000000142e+03
3.799027999999999793e+03
3.836527999999999793e+03
3.868157000000000153e+03
3.869916999999999916e+03
3.889793000000000120e+03
3.890213000000000193e+03
3.968653999999999996e+03
3.971255000000000109e+03
4.069811999999999898e+03
4.077563999999999851e+03
4.102951000000000022e+03
4.341747999999999593e+03
4.364293999999999869e+03
4.472814000000000306e+03
4.622935999999999694e+03
4.687024000000000342e+03
4.712650999999999840e+03
4.721393000000000029e+03
4.741519000000000233e+03
4.862762999999999920e+03
4.932681999999999789e+03
4.960369999999999891e+03
5.008314000000000306e+03
5.193345999999999549e+03
5.201787999999999556e+03
5.519327000000000226e+03
5.539493000000000393e+03
5.578974000000000160e+03
5.756293999999999869e+03
5.877358000000000175e+03
6.302137999999999920e+03
6.313902000000000044e+03
6.365636000000000422e+03
6.549958999999999833e+03
6.564722999999999956e+03
6.585368999999999687e+03
6.680095999999999549e+03
6.718395999999999731e+03
6.732780999999999949e+03
7.067275999999999840e+03
7.137865999999999985e+03
7.172784999999999854e+03
7.239875000000000000e+03
7.265442000000000007e+03
7.325128999999999905e+03
7.334131000000000313e+03
7.334280999999999949e+03
7.753360999999999876e+03
8.581186999999999898e+03
8.729658999999999651e+03
9.017480999999999767e+03
9.071245999999999185e+03
9.126242000000000189e+03
9.231641999999999825e+03
9.533378000000000611e+03
9.548692999999999302e+03
9.852850000000000364e+03
1.005220999999999913e+04
1.011181999999999971e+04
1.012622999999999956e+04
1.032347999999999956e+04
1.083343000000000029e+04
1.094115999999999985e+04
1.257043000000000029e+04
1.282170000000000073e+04
1.736700000000000000e+04
1.817924000000000160e+04
1.875640000000000146e+04
1.945100000000000000e+04
1.963034999999999854e+04
2.058722999999999956e+04
2.166134000000000015e+04
2.625886000000000058e+04
2.905336000000000058e+04
3.039224000000000160e+04
3.207022999999999956e+04
3.297018000000000029e+04
3.660373000000000320e+04
3.740586000000000058e+04
4.052295999999999913e+04
4.488411000000000058e+04
4.529302999999999884e+04
4.653808000000000175e+04
5.128694999999999709e+04
5.608612999999999738e+04
5.908248999999999796e+04
5.982019999999999709e+04
6.985378999999999360e+04
