9.231499999999999773e+02
9.262259999999999991e+02
9.307480000000000473e+02
9.378039999999999736e+02
9.497430000000000518e+02
9.725370000000000346e+02
1.025720000000000027e+03
1.215670000000000073e+03
3.797900000000000091e+03
3.835380000000000109e+03
3.889050000000000182e+03
3.970070000000000164e+03
4.101729999999999563e+03
4.340460000000000036e+03
4.861319999999999709e+03
6.562800000000000182e+03
9.014909999999999854e+03
9.229020000000000437e+03
9.545969999999999345e+03
1.004939999999999964e+04
1.093810000000000036e+04
1.281809999999999854e+04
1.736209999999999854e+04
1.817409999999999854e+04
1.875100000000000000e+04
1.944560000000000218e+04
2.165529999999999927e+04
2.625150000000000000e+04
3.038370000000000073e+04
3.296090000000000146e+04
3.739540000000000146e+04
4.051129999999999563e+04
4.652510000000000582e+04
5.127259999999999854e+04
5.906600000000000000e+04
7.457819999999999709e+04
7.500450000000000000e+04
1.236849999999999854e+05
3.888639999999999873e+03
4.471500000000000000e+03
5.875659999999999854e+03
6.678149999999999636e+03
7.065250000000000000e+03
1.082910000000000036e+04
1.083029999999999927e+04
1.640410000000000082e+03
4.685680000000000291e+03
4.621569999999999709e+03
8.727129999999999200e+03
9.850000000000000000e+03
3.702690000000000000e+06
6.095900000000000000e+06
1.906680000000000064e+03
1.908730000000000018e+03
2.323500000000000000e+03
2.324690000000000055e+03
2.325400000000000091e+03
2.326929999999999836e+03
2.328119999999999891e+03
1.576360000000000000e+06
1.548190000000000055e+03
1.550769999999999982e+03
1.750000000000000000e+03
2.142769999999999982e+03
5.200260000000000218e+03
5.754609999999999673e+03
6.548050000000000182e+03
6.583449999999999818e+03
5.732380000000000000e+05
1.217690000000000000e+06
2.052829999999999767e+06
5.577340000000000146e+03
6.300300000000000182e+03
6.363779999999999745e+03
6.316790000000000000e+05
1.454950000000000000e+06
2.471000000000000000e+03
3.726030000000000200e+03
3.728809999999999945e+03
7.323000000000000000e+03
7.332000000000000000e+03
1.660809999999999945e+03
1.666150000000000091e+03
2.320949999999999818e+03
4.363210000000000036e+03
4.958909999999999854e+03
5.006840000000000146e+03
5.180040000000000582e+05
8.833230000000000000e+05
2.660349999999999909e+03
2.669150000000000091e+03
2.795530000000000200e+03
2.802710000000000036e+03
4.068599999999999909e+03
4.076349999999999909e+03
6.716439999999999600e+03
6.730819999999999709e+03
8.578700000000000728e+03
9.123600000000000364e+03
1.033639999999999964e+04
1.256680000000000109e+04
6.983369999999999709e+04
1.436390000000000000e+05
3.286290000000000582e+05
3.480460000000000000e+05
6.062630000000000000e+05
1.854720000000000027e+03
1.862789999999999964e+03
1.882710000000000036e+03
1.892029999999999973e+03
3.109179999999999836e+03
3.721630000000000109e+03
5.191819999999999709e+03
5.517710000000000036e+03
5.537869999999999891e+03
6.312060000000000400e+03
7.135789999999999964e+03
7.751109999999999673e+03
9.068620000000000800e+03
9.530620000000000800e+03
8.988980000000000291e+04
1.281010000000000000e+05
1.870780000000000000e+05
2.182530000000000000e+05
3.347040000000000000e+05
1.406019999999999982e+03
1.050760000000000000e+05
4.711260000000000218e+03
4.740119999999999891e+03
7.332149999999999636e+03
1.814559999999999945e+03
3.342179999999999836e+03
3.868760000000000218e+03
3.967469999999999800e+03
1.555090000000000000e+05
3.600360000000000000e+05
2.424280000000000200e+03
4.720000000000000000e+03
