1.579907329297707691e-02
1.421070735417935549e-02
1.510337576452476516e-02
1.522382491855530859e-02
1.656295696307084550e-02
1.687717018518926707e-02
1.455220724271469139e-02
9.839373887753584402e-03
4.213803330477784992e-01
1.438762061281747995e+00
1.423461594300593935e+00
1.586759177481370311e-02
6.582316117390428489e-02
6.610150301420684993e-02
8.345550241864319041e-02
7.652975859932889535e-02
4.964535132712813437e-02
5.006533446790098485e-02
7.753268494650782106e-02
6.824067672669893725e-02
7.356886265255892232e-02
6.397237629217437938e-02
4.748666974136571406e-02
6.291926313895952749e-02
3.699223787034199712e-02
3.743971141214508247e-02
3.747943267102242515e-02
4.016518996362027083e-02
3.731457048270548499e-02
4.387016328800379839e+00
4.485389697511626278e-02
3.893676898377802786e-02
3.882518268764436481e-02
4.168915519584218132e-02
4.043314308310826111e-02
6.151841600678303185e-02
7.538812675291516052e-02
3.833608649623065218e-02
3.560622317439512963e-02
3.553722991815636695e-02
1.253470216811328544e-02
7.134372560969024640e-03
5.894772985449851788e-02
1.274739154583502156e-02
4.281203462321761521e-03
5.837634300179931485e-02
5.617962405255582346e-03
3.623033914256348215e-02
2.601819915810319253e-02
8.830501421297629744e-03
1.310746061083114568e-02
6.292626353695493502e-02
2.232192605422782944e-02
4.044985275688555565e-02
1.846415096601316391e-02
6.593696341547001794e-01
3.734709494740082736e+00
6.586167943163062644e-01
8.653527144874488541e-03
4.535322084179723573e-02
4.524445791278044332e-02
6.084131256408662619e-02
3.614072273014694303e-02
4.979543777351934375e-02
5.734187231808095253e-02
2.921636770127700872e-02
3.752443360945342810e-02
1.376791964377826333e-02
4.216237617937816651e-02
3.826447755569574449e-02
4.309614424459085741e-02
4.217875163285787071e-02
1.194638019823925264e-02
3.782243055357296241e-02
1.463078753874987731e-02
3.683529974478851748e-02
4.601775580575517832e-02
1.843345816086240652e-02
4.312651222913814475e-02
4.109216164971562363e-02
4.275582402229947954e-02
7.267630838647187730e-01
4.154455287425593696e-02
3.319798559176203451e-02
4.048515015563022845e-02
3.624033640407211231e-03
3.659786746214119257e-02
2.819083873622654432e-02
3.682504536266169998e-03
3.000728137226594747e-02
5.758064869576690406e-03
3.492466969537103699e-02
8.214296422105926004e-03
3.075183438514184422e-02
3.855099768667883536e-02
1.797306115520273806e-02
1.081409676746517348e-02
3.062775184387045088e-02
4.602052869953771053e-03
4.317689875492221677e-03
4.858920481311901872e-03
6.136347185819534568e-03
6.143139004126893857e-03
7.729125353104081449e-03
9.262193186647702664e-03
4.964213162452863100e-03
4.220469954525324363e-03
4.049130012798523269e-03
5.641040516795588905e-03
4.599796594775965204e-03
7.291612388613776842e-03
6.255870252862697975e-03
4.685165285065480412e-02
6.646363122697740607e-03
6.525982655099613929e-03
4.928405623044242873e-02
3.199542000728320401e-01
1.113522048269355996e-02
4.618872836284177580e-02
2.776859997515987444e-02
3.272734640223354252e-02
2.758036859747149336e-02
5.139437265135472777e-02
1.963437352803722169e-02
2.733280317764402723e-02
2.539537143816427908e-02
3.357247265838046030e-02
3.299294254459003706e-02
3.618288442271885841e-02
2.120546137583909432e-02
2.313998021987694054e-02
3.284494726917738111e-02
2.573574043253483781e-02
2.402595499299198245e-02
2.932928844219333253e-02
2.595654353546726634e-02
2.980507131250032318e-02
3.070271167528144940e-02
